Show TCP sender's some valuces about sndwnd:
pkt_seqno pkt_type        RorS_seqno  snd_ssthresh    snd_cwnd  rcv_wnd     snd_wnd_left      snd_wnd_pointer   snd_wnd_left+cwnd snd_wnd_left+rcv_wnd  snd_wnd_pointer-left
1         snd_con_syn     1           2147483647      2         0           1215849700        1215849701        1215852620        1215849700            1           
2         rcv_con_syn_ack 1           2147483647      2         5840        1215849701        1215849701        1215852621        1215855541            0           
3         snd_con_ack     2           2147483647      3         5840        1215849701        1215849701        1215854081        1215855541            0           
4         snd_data        3           2147483647      3         5840        1215849701        1215851101        1215854081        1215855541            1400        
5         rcv_ack         2           2147483647      4         8400        1215851101        1215851101        1215856941        1215859501            0           
6         snd_data        4           2147483647      4         8400        1215851101        1215852501        1215856941        1215859501            1400        
7         snd_data        5           2147483647      4         8400        1215851101        1215853961        1215856941        1215859501            2860        
8         snd_data        6           2147483647      4         8400        1215851101        1215855421        1215856941        1215859501            4320        
9         snd_data        7           2147483647      4         8400        1215851101        1215856881        1215856941        1215859501            5780        
10        rcv_ack         3           2147483647      5         11200       1215852501        1215856881        1215859801        1215863701            4380        
11        snd_data        8           2147483647      5         11200       1215852501        1215858341        1215859801        1215863701            5840        
12        snd_data        9           2147483647      5         11200       1215852501        1215859801        1215859801        1215863701            7300        
13        rcv_ack         4           2147483647      6         14600       1215853961        1215859801        1215862721        1215868561            5840        
14        snd_data        10          2147483647      6         14600       1215853961        1215861261        1215862721        1215868561            7300        
15        snd_data        11          2147483647      6         14600       1215853961        1215862721        1215862721        1215868561            8760        
16        rcv_ack         5           2147483647      7         17520       1215855421        1215862721        1215865641        1215872941            7300        
17        snd_data        12          2147483647      7         17520       1215855421        1215864181        1215865641        1215872941            8760        
18        snd_data        13          2147483647      7         17520       1215855421        1215865641        1215865641        1215872941            10220       
19        rcv_ack         6           2147483647      8         20440       1215856881        1215865641        1215868561        1215877321            8760        
20        snd_data        14          2147483647      8         20440       1215856881        1215867101        1215868561        1215877321            10220       
21        snd_data        15          2147483647      8         20440       1215856881        1215868561        1215868561        1215877321            11680       
22        rcv_ack         7           2147483647      9         23360       1215858341        1215868561        1215871481        1215881701            10220       
23        snd_data        16          2147483647      9         23360       1215858341        1215870021        1215871481        1215881701            11680       
24        snd_data        17          2147483647      9         23360       1215858341        1215871481        1215871481        1215881701            13140       
25        rcv_ack         8           2147483647      10        26280       1215859801        1215871481        1215874401        1215886081            11680       
26        snd_data        18          2147483647      10        26280       1215859801        1215872941        1215874401        1215886081            13140       
27        snd_data        19          2147483647      10        26280       1215859801        1215874401        1215874401        1215886081            14600       
28        rcv_ack         9           2147483647      11        29200       1215861261        1215874401        1215877321        1215890461            13140       
29        snd_data        20          2147483647      11        29200       1215861261        1215875861        1215877321        1215890461            14600       
30        snd_data        21          2147483647      11        29200       1215861261        1215877321        1215877321        1215890461            16060       
31        rcv_ack         10          2147483647      12        32120       1215862721        1215877321        1215880241        1215894841            14600       
32        snd_data        22          2147483647      12        32120       1215862721        1215878781        1215880241        1215894841            16060       
33        snd_data        23          2147483647      12        32120       1215862721        1215880241        1215880241        1215894841            17520       
34        rcv_ack         11          2147483647      13        35040       1215864181        1215880241        1215883161        1215899221            16060       
35        snd_data        24          2147483647      13        35040       1215864181        1215881701        1215883161        1215899221            17520       
36        snd_data        25          2147483647      13        35040       1215864181        1215883161        1215883161        1215899221            18980       
37        rcv_ack         12          2147483647      14        33580       1215865641        1215883161        1215886081        1215899221            17520       
38        snd_data        26          2147483647      14        33580       1215865641        1215884621        1215886081        1215899221            18980       
39        snd_data        27          2147483647      14        33580       1215865641        1215886081        1215886081        1215899221            20440       
40        rcv_ack         13          2147483647      15        32120       1215867101        1215886081        1215889001        1215899221            18980       
41        snd_data        28          2147483647      15        32120       1215867101        1215887541        1215889001        1215899221            20440       
42        snd_data        29          2147483647      15        32120       1215867101        1215889001        1215889001        1215899221            21900       
43        rcv_ack         14          2147483647      32        0           1215581265        1215581265        1215627985        1215581265            0           
44        rcv_ack         15          2147483647      16        11680       1215889001        1215889001        1215912361        1215900681            0           
45        snd_data        30          2147483647      16        11680       1215889001        1215890461        1215912361        1215900681            1460        
46        snd_data        31          2147483647      16        11680       1215889001        1215891921        1215912361        1215900681            2920        
47        snd_data        32          2147483647      16        11680       1215889001        1215893381        1215912361        1215900681            4380        
48        snd_data        33          2147483647      16        11680       1215889001        1215894841        1215912361        1215900681            5840        
49        snd_data        34          2147483647      16        11680       1215889001        1215896301        1215912361        1215900681            7300        
50        snd_data        35          2147483647      16        11680       1215889001        1215897761        1215912361        1215900681            8760        
51        snd_data        36          2147483647      16        11680       1215889001        1215899221        1215912361        1215900681            10220       
52        snd_data        37          2147483647      16        11680       1215889001        1215900681        1215912361        1215900681            11680       
53        rcv_ack         16          2147483647      16        1460        1215900681        1215900681        1215924041        1215902141            0           
54        snd_data        38          2147483647      16        1460        1215900681        1215902141        1215924041        1215902141            1460        
55        rcv_ack         17          2147483647      16        0           1215902141        1215902141        1215925501        1215902141            0           
56        rcv_ack         18          2147483647      16        0           1215902141        1215902141        1215925501        1215902141            0           
57        rcv_ack         19          2147483647      32        0           1215581265        1215581265        1215627985        1215581265            0           
58        rcv_ack         20          2147483647      16        0           1215902141        1215902141        1215925501        1215902141            0           
59        rcv_ack         21          2147483647      32        0           1215581265        1215581265        1215627985        1215581265            0           
60        rcv_ack         22          2147483647      16        0           1215902141        1215902141        1215925501        1215902141            0           
61        rcv_ack         23          2147483647      32        0           1215581265        1215581265        1215627985        1215581265            0           
62        rcv_ack         24          2147483647      16        0           1215902141        1215902141        1215925501        1215902141            0           
63        rcv_ack         25          2147483647      32        1460        1215581265        1215581265        1215627985        1215582725            0           
64        snd_data        39          2147483647      3         1460        1215581265        1215582725        1215585645        1215582725            1460        
65        rcv_ack         26          2147483647      3         2920        1215581265        1215582725        1215585645        1215584185            1460        
66        snd_data        40          2147483647      3         2920        1215581265        1215584185        1215585645        1215584185            2920        
67        rcv_ack         27          2147483647      3         5840        1215581265        1215584185        1215585645        1215587105            2920        
68        snd_data        41          2147483647      3         5840        1215581265        1215585645        1215585645        1215587105            4380        
69        rcv_ack         28          2147483647      3         11680       1215581265        1215585645        1215585645        1215592945            4380        
70        rcv_ack         29          2147483647      4         11680       1215582725        1215585645        1215588565        1215594405            2920        
71        snd_data        42          2147483647      4         11680       1215582725        1215587105        1215588565        1215594405            4380        
72        snd_data        43          2147483647      4         11680       1215582725        1215588565        1215588565        1215594405            5840        
73        rcv_ack         30          2147483647      5         5840        1215588565        1215588565        1215595865        1215594405            0           
74        snd_data        44          2147483647      5         5840        1215588565        1215590025        1215595865        1215594405            1460        
75        snd_data        45          2147483647      5         5840        1215588565        1215591485        1215595865        1215594405            2920        
76        snd_data        46          2147483647      5         5840        1215588565        1215592945        1215595865        1215594405            4380        
77        snd_data        47          2147483647      5         5840        1215588565        1215594405        1215595865        1215594405            5840        
78        rcv_ack         31          2147483647      6         1460        1215594405        1215594405        1215603165        1215595865            0           
79        snd_data        48          2147483647      6         1460        1215594405        1215595865        1215603165        1215595865            1460        
80        rcv_ack         32          2147483647      6         0           1215595865        1215595865        1215604625        1215595865            0           
81        rcv_ack         33          2147483647      6         0           1215595865        1215595865        1215604625        1215595865            0           
82        rcv_ack         34          2147483647      6         0           1215595865        1215595865        1215604625        1215595865            0           
83        rcv_ack         35          2147483647      6         0           1215595865        1215595865        1215604625        1215595865            0           
84        rcv_ack         36          2147483647      16        0           1215902141        1215902141        1215925501        1215902141            0           
85        rcv_ack         37          2147483647      6         0           1215595865        1215595865        1215604625        1215595865            0           
86        rcv_ack         38          2147483647      6         1460        1215595865        1215595865        1215604625        1215597325            0           
87        snd_data        49          2147483647      3         1460        1215595865        1215597325        1215600245        1215597325            1460        
88        rcv_ack         39          2147483647      3         2920        1215595865        1215597325        1215600245        1215598785            1460        
89        snd_data        50          2147483647      3         2920        1215595865        1215598785        1215600245        1215598785            2920        
90        rcv_ack         40          2147483647      3         5840        1215595865        1215598785        1215600245        1215601705            2920        
91        snd_data        51          2147483647      3         5840        1215595865        1215600245        1215600245        1215601705            4380        
92        rcv_ack         41          2147483647      3         11680       1215595865        1215600245        1215600245        1215607545            4380        
93        rcv_ack         42          2147483647      4         11680       1215597325        1215600245        1215603165        1215609005            2920        
94        snd_data        52          2147483647      4         11680       1215597325        1215601705        1215603165        1215609005            4380        
95        snd_data        53          2147483647      4         11680       1215597325        1215603165        1215603165        1215609005            5840        
96        rcv_ack         43          2147483647      5         5840        1215603165        1215603165        1215610465        1215609005            0           
97        snd_data        54          2147483647      5         5840        1215603165        1215604625        1215610465        1215609005            1460        
98        snd_data        55          2147483647      5         5840        1215603165        1215606085        1215610465        1215609005            2920        
99        snd_data        56          2147483647      5         5840        1215603165        1215607545        1215610465        1215609005            4380        
100       snd_data        57          2147483647      5         5840        1215603165        1215609005        1215610465        1215609005            5840        
101       rcv_ack         44          2147483647      6         1460        1215609005        1215609005        1215617765        1215610465            0           
102       snd_data        58          2147483647      6         1460        1215609005        1215610465        1215617765        1215610465            1460        
103       rcv_ack         45          2147483647      6         0           1215610465        1215610465        1215619225        1215610465            0           
104       rcv_ack         46          2147483647      6         0           1215610465        1215610465        1215619225        1215610465            0           
105       rcv_ack         47          2147483647      6         0           1215610465        1215610465        1215619225        1215610465            0           
106       rcv_ack         48          2147483647      6         0           1215610465        1215610465        1215619225        1215610465            0           
107       rcv_ack         49          2147483647      6         0           1215610465        1215610465        1215619225        1215610465            0           
108       rcv_ack         50          2147483647      16        0           1215902141        1215902141        1215925501        1215902141            0           
109       rcv_ack         51          2147483647      6         1460        1215610465        1215610465        1215619225        1215611925            0           
110       snd_data        59          2147483647      3         1460        1215610465        1215611925        1215614845        1215611925            1460        
111       rcv_ack         52          2147483647      3         2920        1215610465        1215611925        1215614845        1215613385            1460        
112       snd_data        60          2147483647      3         2920        1215610465        1215613385        1215614845        1215613385            2920        
113       rcv_ack         53          2147483647      3         5840        1215610465        1215613385        1215614845        1215616305            2920        
114       snd_data        61          2147483647      3         5840        1215610465        1215614845        1215614845        1215616305            4380        
115       rcv_ack         54          2147483647      3         11680       1215610465        1215614845        1215614845        1215622145            4380        
116       rcv_ack         55          2147483647      4         10220       1215611925        1215614845        1215617765        1215622145            2920        
117       snd_data        62          2147483647      4         10220       1215611925        1215616305        1215617765        1215622145            4380        
118       snd_data        63          2147483647      4         10220       1215611925        1215617765        1215617765        1215622145            5840        
119       rcv_ack         56          2147483647      5         4380        1215617765        1215617765        1215625065        1215622145            0           
120       snd_data        64          2147483647      5         4380        1215617765        1215619225        1215625065        1215622145            1460        
121       snd_data        65          2147483647      5         4380        1215617765        1215620685        1215625065        1215622145            2920        
122       snd_data        66          2147483647      5         4380        1215617765        1215622145        1215625065        1215622145            4380        
123       rcv_ack         57          2147483647      6         1460        1215622145        1215622145        1215630905        1215623605            0           
124       snd_data        67          2147483647      6         1460        1215622145        1215623605        1215630905        1215623605            1460        
125       rcv_ack         58          2147483647      6         0           1215623605        1215623605        1215632365        1215623605            0           
126       rcv_ack         59          2147483647      6         0           1215623605        1215623605        1215632365        1215623605            0           
127       rcv_ack         60          2147483647      6         0           1215623605        1215623605        1215632365        1215623605            0           
128       rcv_ack         61          2147483647      6         0           1215623605        1215623605        1215632365        1215623605            0           
129       rcv_ack         62          2147483647      6         0           1215623605        1215623605        1215632365        1215623605            0           
130       rcv_ack         63          2147483647      6         1460        1215623605        1215623605        1215632365        1215625065            0           
131       snd_data        68          2147483647      3         1460        1215623605        1215625065        1215627985        1215625065            1460        
132       rcv_ack         64          2147483647      3         2920        1215623605        1215625065        1215627985        1215626525            1460        
133       snd_data        69          2147483647      3         2920        1215623605        1215626525        1215627985        1215626525            2920        
134       rcv_ack         65          2147483647      3         5840        1215623605        1215626525        1215627985        1215629445            2920        
135       snd_data        70          2147483647      3         5840        1215623605        1215627985        1215627985        1215629445            4380        
136       rcv_ack         66          2147483647      3         11680       1215623605        1215627985        1215627985        1215635285            4380        
137       rcv_ack         67          2147483647      4         11680       1215625065        1215627985        1215630905        1215636745            2920        
138       snd_data        71          2147483647      4         11680       1215625065        1215629445        1215630905        1215636745            4380        
139       snd_data        72          2147483647      4         11680       1215625065        1215630905        1215630905        1215636745            5840        
140       rcv_ack         68          2147483647      5         5840        1215630905        1215630905        1215638205        1215636745            0           
141       snd_data        73          2147483647      5         5840        1215630905        1215632365        1215638205        1215636745            1460        
142       snd_data        74          2147483647      5         5840        1215630905        1215633825        1215638205        1215636745            2920        
143       snd_data        75          2147483647      5         5840        1215630905        1215635285        1215638205        1215636745            4380        
144       snd_data        76          2147483647      5         5840        1215630905        1215636745        1215638205        1215636745            5840        
145       rcv_ack         69          2147483647      6         1460        1215636745        1215636745        1215645505        1215638205            0           
146       snd_data        77          2147483647      6         1460        1215636745        1215638205        1215645505        1215638205            1460        
147       rcv_ack         70          2147483647      6         0           1215638205        1215638205        1215646965        1215638205            0           
148       rcv_ack         71          2147483647      6         0           1215638205        1215638205        1215646965        1215638205            0           
149       rcv_ack         72          2147483647      6         0           1215638205        1215638205        1215646965        1215638205            0           
150       rcv_ack         73          2147483647      6         0           1215638205        1215638205        1215646965        1215638205            0           
151       rcv_ack         74          2147483647      6         0           1215638205        1215638205        1215646965        1215638205            0           
152       rcv_ack         75          2147483647      6         1460        1215638205        1215638205        1215646965        1215639665            0           
153       snd_data        78          2147483647      3         1460        1215638205        1215639665        1215642585        1215639665            1460        
154       rcv_ack         76          2147483647      3         2920        1215638205        1215639665        1215642585        1215641125            1460        
155       snd_data        79          2147483647      3         2920        1215638205        1215641125        1215642585        1215641125            2920        
156       rcv_ack         77          2147483647      3         5840        1215638205        1215641125        1215642585        1215644045            2920        
157       snd_data        80          2147483647      3         5840        1215638205        1215642585        1215642585        1215644045            4380        
158       rcv_ack         78          2147483647      3         11680       1215638205        1215642585        1215642585        1215649885            4380        
159       rcv_ack         79          2147483647      4         10220       1215639665        1215642585        1215645505        1215649885            2920        
160       snd_data        81          2147483647      4         10220       1215639665        1215644045        1215645505        1215649885            4380        
161       snd_data        82          2147483647      4         10220       1215639665        1215645505        1215645505        1215649885            5840        
162       rcv_ack         80          2147483647      5         4380        1215645505        1215645505        1215652805        1215649885            0           
163       snd_data        83          2147483647      5         4380        1215645505        1215646965        1215652805        1215649885            1460        
164       snd_data        84          2147483647      5         4380        1215645505        1215648425        1215652805        1215649885            2920        
165       snd_data        85          2147483647      5         4380        1215645505        1215649885        1215652805        1215649885            4380        
166       rcv_ack         81          2147483647      6         1460        1215649885        1215649885        1215658645        1215651345            0           
167       snd_data        86          2147483647      6         1460        1215649885        1215651345        1215658645        1215651345            1460        
168       rcv_ack         82          2147483647      6         0           1215651345        1215651345        1215660105        1215651345            0           
169       rcv_ack         83          2147483647      6         0           1215651345        1215651345        1215660105        1215651345            0           
170       rcv_ack         84          2147483647      6         0           1215651345        1215651345        1215660105        1215651345            0           
171       rcv_ack         85          2147483647      6         0           1215651345        1215651345        1215660105        1215651345            0           
172       rcv_ack         86          2147483647      16        0           1215902141        1215902141        1215925501        1215902141            0           
173       rcv_ack         87          2147483647      6         0           1215651345        1215651345        1215660105        1215651345            0           
174       rcv_ack         88          2147483647      6         1460        1215651345        1215651345        1215660105        1215652805            0           
175       snd_data        87          2147483647      3         1460        1215651345        1215652805        1215655725        1215652805            1460        
176       rcv_ack         89          2147483647      3         2920        1215651345        1215652805        1215655725        1215654265            1460        
177       snd_data        88          2147483647      3         2920        1215651345        1215654265        1215655725        1215654265            2920        
178       rcv_ack         90          2147483647      3         5840        1215651345        1215654265        1215655725        1215657185            2920        
179       snd_data        89          2147483647      3         5840        1215651345        1215655725        1215655725        1215657185            4380        
180       rcv_ack         91          2147483647      3         11680       1215651345        1215655725        1215655725        1215663025            4380        
181       rcv_ack         92          2147483647      4         13140       1215652805        1215655725        1215658645        1215665945            2920        
182       snd_data        90          2147483647      4         13140       1215652805        1215657185        1215658645        1215665945            4380        
183       snd_data        91          2147483647      4         13140       1215652805        1215658645        1215658645        1215665945            5840        
184       rcv_ack         93          2147483647      5         7300        1215658645        1215658645        1215665945        1215665945            0           
185       snd_data        92          2147483647      5         7300        1215658645        1215660105        1215665945        1215665945            1460        
186       snd_data        93          2147483647      5         7300        1215658645        1215661565        1215665945        1215665945            2920        
187       snd_data        94          2147483647      5         7300        1215658645        1215663025        1215665945        1215665945            4380        
188       snd_data        95          2147483647      5         7300        1215658645        1215664485        1215665945        1215665945            5840        
189       snd_data        96          2147483647      5         7300        1215658645        1215665945        1215665945        1215665945            7300        
190       rcv_ack         94          2147483647      6         1460        1215665945        1215665945        1215674705        1215667405            0           
191       snd_data        97          2147483647      6         1460        1215665945        1215667405        1215674705        1215667405            1460        
192       rcv_ack         95          2147483647      6         0           1215667405        1215667405        1215676165        1215667405            0           
193       rcv_ack         96          2147483647      6         0           1215667405        1215667405        1215676165        1215667405            0           
194       rcv_ack         97          2147483647      6         0           1215667405        1215667405        1215676165        1215667405            0           
195       rcv_ack         98          2147483647      6         0           1215667405        1215667405        1215676165        1215667405            0           
196       rcv_ack         99          2147483647      6         0           1215667405        1215667405        1215676165        1215667405            0           
197       rcv_ack         100         2147483647      6         1460        1215667405        1215667405        1215676165        1215668865            0           
198       snd_data        98          2147483647      3         1460        1215667405        1215668865        1215671785        1215668865            1460        
199       rcv_ack         101         2147483647      3         2920        1215667405        1215668865        1215671785        1215670325            1460        
200       snd_data        99          2147483647      3         2920        1215667405        1215670325        1215671785        1215670325            2920        
201       rcv_ack         102         2147483647      3         5840        1215667405        1215670325        1215671785        1215673245            2920        
202       snd_data        100         2147483647      3         5840        1215667405        1215671785        1215671785        1215673245            4380        
203       rcv_ack         103         2147483647      3         11680       1215667405        1215671785        1215671785        1215679085            4380        
204       rcv_ack         104         2147483647      4         10220       1215668865        1215671785        1215674705        1215679085            2920        
205       snd_data        101         2147483647      4         10220       1215668865        1215673245        1215674705        1215679085            4380        
206       snd_data        102         2147483647      4         10220       1215668865        1215674705        1215674705        1215679085            5840        
207       rcv_ack         105         2147483647      5         4380        1215674705        1215674705        1215682005        1215679085            0           
208       snd_data        103         2147483647      5         4380        1215674705        1215676165        1215682005        1215679085            1460        
209       snd_data        104         2147483647      5         4380        1215674705        1215677625        1215682005        1215679085            2920        
210       snd_data        105         2147483647      5         4380        1215674705        1215679085        1215682005        1215679085            4380        
211       rcv_ack         106         2147483647      6         1460        1215679085        1215679085        1215687845        1215680545            0           
212       snd_data        106         2147483647      6         1460        1215679085        1215680545        1215687845        1215680545            1460        
213       rcv_ack         107         2147483647      6         0           1215680545        1215680545        1215689305        1215680545            0           
214       rcv_ack         108         2147483647      6         0           1215680545        1215680545        1215689305        1215680545            0           
215       rcv_ack         109         2147483647      6         0           1215680545        1215680545        1215689305        1215680545            0           
216       rcv_ack         110         2147483647      6         0           1215680545        1215680545        1215689305        1215680545            0           
217       rcv_ack         111         2147483647      6         0           1215680545        1215680545        1215689305        1215680545            0           
218       rcv_ack         112         2147483647      6         1460        1215680545        1215680545        1215689305        1215682005            0           
219       snd_data        107         2147483647      3         1460        1215680545        1215682005        1215684925        1215682005            1460        
220       rcv_ack         113         2147483647      3         2920        1215680545        1215682005        1215684925        1215683465            1460        
221       snd_data        108         2147483647      3         2920        1215680545        1215683465        1215684925        1215683465            2920        
222       rcv_ack         114         2147483647      3         5840        1215680545        1215683465        1215684925        1215686385            2920        
223       snd_data        109         2147483647      3         5840        1215680545        1215684925        1215684925        1215686385            4380        
224       rcv_ack         115         2147483647      3         11680       1215680545        1215684925        1215684925        1215692225            4380        
225       rcv_ack         116         2147483647      4         13140       1215682005        1215684925        1215687845        1215695145            2920        
226       snd_data        110         2147483647      4         13140       1215682005        1215686385        1215687845        1215695145            4380        
227       snd_data        111         2147483647      4         13140       1215682005        1215687845        1215687845        1215695145            5840        
228       rcv_ack         117         2147483647      5         7300        1215687845        1215687845        1215695145        1215695145            0           
229       snd_data        112         2147483647      5         7300        1215687845        1215689305        1215695145        1215695145            1460        
230       snd_data        113         2147483647      5         7300        1215687845        1215690765        1215695145        1215695145            2920        
231       snd_data        114         2147483647      5         7300        1215687845        1215692225        1215695145        1215695145            4380        
232       snd_data        115         2147483647      5         7300        1215687845        1215693685        1215695145        1215695145            5840        
233       snd_data        116         2147483647      5         7300        1215687845        1215695145        1215695145        1215695145            7300        
234       rcv_ack         118         2147483647      6         1460        1215695145        1215695145        1215703905        1215696605            0           
235       snd_data        117         2147483647      6         1460        1215695145        1215696605        1215703905        1215696605            1460        
236       rcv_ack         119         2147483647      6         0           1215696605        1215696605        1215705365        1215696605            0           
237       rcv_ack         120         2147483647      6         0           1215696605        1215696605        1215705365        1215696605            0           
238       rcv_ack         121         2147483647      6         0           1215696605        1215696605        1215705365        1215696605            0           
239       rcv_ack         122         2147483647      6         0           1215696605        1215696605        1215705365        1215696605            0           
240       rcv_ack         123         2147483647      6         0           1215696605        1215696605        1215705365        1215696605            0           
241       rcv_ack         124         2147483647      6         1460        1215696605        1215696605        1215705365        1215698065            0           
242       snd_data        118         2147483647      3         1460        1215696605        1215698065        1215700985        1215698065            1460        
243       rcv_ack         125         2147483647      3         2920        1215696605        1215698065        1215700985        1215699525            1460        
244       snd_data        119         2147483647      3         2920        1215696605        1215699525        1215700985        1215699525            2920        
245       rcv_ack         126         2147483647      3         5840        1215696605        1215699525        1215700985        1215702445            2920        
246       snd_data        120         2147483647      3         5840        1215696605        1215700985        1215700985        1215702445            4380        
247       rcv_ack         127         2147483647      3         11680       1215696605        1215700985        1215700985        1215708285            4380        
248       rcv_ack         128         2147483647      4         10220       1215698065        1215700985        1215703905        1215708285            2920        
249       snd_data        121         2147483647      4         10220       1215698065        1215702445        1215703905        1215708285            4380        
250       snd_data        122         2147483647      4         10220       1215698065        1215703905        1215703905        1215708285            5840        
251       rcv_ack         129         2147483647      5         4380        1215703905        1215703905        1215711205        1215708285            0           
252       snd_data        123         2147483647      5         4380        1215703905        1215705365        1215711205        1215708285            1460        
253       snd_data        124         2147483647      5         4380        1215703905        1215706825        1215711205        1215708285            2920        
254       snd_data        125         2147483647      5         4380        1215703905        1215708285        1215711205        1215708285            4380        
255       rcv_ack         130         2147483647      6         1460        1215708285        1215708285        1215717045        1215709745            0           
256       snd_data        126         2147483647      6         1460        1215708285        1215709745        1215717045        1215709745            1460        
257       rcv_ack         131         2147483647      6         0           1215709745        1215709745        1215718505        1215709745            0           
258       rcv_ack         132         2147483647      6         0           1215709745        1215709745        1215718505        1215709745            0           
259       rcv_ack         133         2147483647      6         0           1215709745        1215709745        1215718505        1215709745            0           
260       rcv_ack         134         2147483647      6         0           1215709745        1215709745        1215718505        1215709745            0           
261       rcv_ack         135         2147483647      6         0           1215709745        1215709745        1215718505        1215709745            0           
262       rcv_ack         136         2147483647      6         1460        1215709745        1215709745        1215718505        1215711205            0           
263       snd_data        127         2147483647      3         1460        1215709745        1215711205        1215714125        1215711205            1460        
264       rcv_ack         137         2147483647      3         2920        1215709745        1215711205        1215714125        1215712665            1460        
265       snd_data        128         2147483647      3         2920        1215709745        1215712665        1215714125        1215712665            2920        
266       rcv_ack         138         2147483647      3         5840        1215709745        1215712665        1215714125        1215715585            2920        
267       snd_data        129         2147483647      3         5840        1215709745        1215714125        1215714125        1215715585            4380        
268       rcv_ack         139         2147483647      3         11680       1215709745        1215714125        1215714125        1215721425            4380        
269       rcv_ack         140         2147483647      4         11680       1215711205        1215714125        1215717045        1215722885            2920        
270       snd_data        130         2147483647      4         11680       1215711205        1215715585        1215717045        1215722885            4380        
271       snd_data        131         2147483647      4         11680       1215711205        1215717045        1215717045        1215722885            5840        
272       rcv_ack         141         2147483647      5         5840        1215717045        1215717045        1215724345        1215722885            0           
273       snd_data        132         2147483647      5         5840        1215717045        1215718505        1215724345        1215722885            1460        
274       snd_data        133         2147483647      5         5840        1215717045        1215719965        1215724345        1215722885            2920        
275       snd_data        134         2147483647      5         5840        1215717045        1215721425        1215724345        1215722885            4380        
276       snd_data        135         2147483647      5         5840        1215717045        1215722885        1215724345        1215722885            5840        
277       rcv_ack         142         2147483647      6         1460        1215722885        1215722885        1215731645        1215724345            0           
278       snd_data        136         2147483647      6         1460        1215722885        1215724345        1215731645        1215724345            1460        
279       rcv_ack         143         2147483647      6         0           1215724345        1215724345        1215733105        1215724345            0           
280       rcv_ack         144         2147483647      6         0           1215724345        1215724345        1215733105        1215724345            0           
281       rcv_ack         145         2147483647      6         0           1215724345        1215724345        1215733105        1215724345            0           
282       rcv_ack         146         2147483647      6         0           1215724345        1215724345        1215733105        1215724345            0           
283       rcv_ack         147         2147483647      6         0           1215724345        1215724345        1215733105        1215724345            0           
284       rcv_ack         148         2147483647      6         1460        1215724345        1215724345        1215733105        1215725805            0           
285       snd_data        137         2147483647      3         1460        1215724345        1215725805        1215728725        1215725805            1460        
286       rcv_ack         149         2147483647      3         2920        1215724345        1215725805        1215728725        1215727265            1460        
287       snd_data        138         2147483647      3         2920        1215724345        1215727265        1215728725        1215727265            2920        
288       rcv_ack         150         2147483647      3         5840        1215724345        1215727265        1215728725        1215730185            2920        
289       snd_data        139         2147483647      3         5840        1215724345        1215728725        1215728725        1215730185            4380        
290       rcv_ack         151         2147483647      3         11680       1215724345        1215728725        1215728725        1215736025            4380        
291       rcv_ack         152         2147483647      4         10220       1215725805        1215728725        1215731645        1215736025            2920        
292       snd_data        140         2147483647      4         10220       1215725805        1215730185        1215731645        1215736025            4380        
293       snd_data        141         2147483647      4         10220       1215725805        1215731645        1215731645        1215736025            5840        
294       rcv_ack         153         2147483647      5         4380        1215731645        1215731645        1215738945        1215736025            0           
295       snd_data        142         2147483647      5         4380        1215731645        1215733105        1215738945        1215736025            1460        
296       snd_data        143         2147483647      5         4380        1215731645        1215734565        1215738945        1215736025            2920        
297       snd_data        144         2147483647      5         4380        1215731645        1215736025        1215738945        1215736025            4380        
298       rcv_ack         154         2147483647      6         1460        1215736025        1215736025        1215744785        1215737485            0           
299       snd_data        145         2147483647      6         1460        1215736025        1215737485        1215744785        1215737485            1460        
300       rcv_ack         155         2147483647      6         0           1215737485        1215737485        1215746245        1215737485            0           
301       rcv_ack         156         2147483647      6         0           1215737485        1215737485        1215746245        1215737485            0           
302       rcv_ack         157         2147483647      6         0           1215737485        1215737485        1215746245        1215737485            0           
303       rcv_ack         158         2147483647      6         0           1215737485        1215737485        1215746245        1215737485            0           
304       rcv_ack         159         2147483647      16        0           1215902141        1215902141        1215925501        1215902141            0           
305       rcv_ack         160         2147483647      6         0           1215737485        1215737485        1215746245        1215737485            0           
306       rcv_ack         161         2147483647      6         1460        1215737485        1215737485        1215746245        1215738945            0           
307       snd_data        146         2147483647      3         1460        1215737485        1215738945        1215741865        1215738945            1460        
308       rcv_ack         162         2147483647      3         2920        1215737485        1215738945        1215741865        1215740405            1460        
309       snd_data        147         2147483647      3         2920        1215737485        1215740405        1215741865        1215740405            2920        
310       rcv_ack         163         2147483647      3         5840        1215737485        1215740405        1215741865        1215743325            2920        
311       snd_data        148         2147483647      3         5840        1215737485        1215741865        1215741865        1215743325            4380        
312       rcv_ack         164         2147483647      3         11680       1215737485        1215741865        1215741865        1215749165            4380        
313       rcv_ack         165         2147483647      4         11680       1215738945        1215741865        1215744785        1215750625            2920        
314       snd_data        149         2147483647      4         11680       1215738945        1215743325        1215744785        1215750625            4380        
315       snd_data        150         2147483647      4         11680       1215738945        1215744785        1215744785        1215750625            5840        
316       rcv_ack         166         2147483647      5         5840        1215744785        1215744785        1215752085        1215750625            0           
317       snd_data        151         2147483647      5         5840        1215744785        1215746245        1215752085        1215750625            1460        
318       snd_data        152         2147483647      5         5840        1215744785        1215747705        1215752085        1215750625            2920        
319       snd_data        153         2147483647      5         5840        1215744785        1215749165        1215752085        1215750625            4380        
320       snd_data        154         2147483647      5         5840        1215744785        1215750625        1215752085        1215750625            5840        
321       rcv_ack         167         2147483647      6         1460        1215750625        1215750625        1215759385        1215752085            0           
322       snd_data        155         2147483647      6         1460        1215750625        1215752085        1215759385        1215752085            1460        
323       rcv_ack         168         2147483647      6         0           1215752085        1215752085        1215760845        1215752085            0           
324       rcv_ack         169         2147483647      6         0           1215752085        1215752085        1215760845        1215752085            0           
325       rcv_ack         170         2147483647      6         0           1215752085        1215752085        1215760845        1215752085            0           
326       rcv_ack         171         2147483647      6         0           1215752085        1215752085        1215760845        1215752085            0           
327       rcv_ack         172         2147483647      6         0           1215752085        1215752085        1215760845        1215752085            0           
328       rcv_ack         173         2147483647      6         1460        1215752085        1215752085        1215760845        1215753545            0           
329       snd_data        156         2147483647      3         1460        1215752085        1215753545        1215756465        1215753545            1460        
330       rcv_ack         174         2147483647      3         2920        1215752085        1215753545        1215756465        1215755005            1460        
331       snd_data        157         2147483647      3         2920        1215752085        1215755005        1215756465        1215755005            2920        
332       rcv_ack         175         2147483647      3         5840        1215752085        1215755005        1215756465        1215757925            2920        
333       snd_data        158         2147483647      3         5840        1215752085        1215756465        1215756465        1215757925            4380        
334       rcv_ack         176         2147483647      3         11680       1215752085        1215756465        1215756465        1215763765            4380        
335       rcv_ack         177         2147483647      4         11680       1215753545        1215756465        1215759385        1215765225            2920        
336       snd_data        159         2147483647      4         11680       1215753545        1215757925        1215759385        1215765225            4380        
337       snd_data        160         2147483647      4         11680       1215753545        1215759385        1215759385        1215765225            5840        
338       rcv_ack         178         2147483647      5         5840        1215759385        1215759385        1215766685        1215765225            0           
339       snd_data        161         2147483647      5         5840        1215759385        1215760845        1215766685        1215765225            1460        
340       snd_data        162         2147483647      5         5840        1215759385        1215762305        1215766685        1215765225            2920        
341       snd_data        163         2147483647      5         5840        1215759385        1215763765        1215766685        1215765225            4380        
342       snd_data        164         2147483647      5         5840        1215759385        1215765225        1215766685        1215765225            5840        
343       rcv_ack         179         2147483647      6         1460        1215765225        1215765225        1215773985        1215766685            0           
344       snd_data        165         2147483647      6         1460        1215765225        1215765676        1215773985        1215766685            451         
345       rcv_ack         180         2147483647      6         1009        1215765676        1215765676        1215774436        1215766685            0           
346       rcv_ack         181         2147483647      16        0           1215902141        1215902141        1215925501        1215902141            0           
