Show TCP sender's some valuces about sndwnd:
pkt_seqno pkt_type        RorS_seqno  snd_ssthresh    snd_cwnd  rcv_wnd     snd_wnd_left      snd_wnd_pointer   snd_wnd_left+cwnd snd_wnd_left+rcv_wnd  snd_wnd_pointer-left
1         snd_con_syn     1           2147483647      2         0           1744838957        1744838958        1744841877        1744838957            1           
2         rcv_con_syn_ack 1           2147483647      2         5840        1744838958        1744838958        1744841878        1744844798            0           
3         snd_con_ack     2           10              3         5840        1744838958        1744838958        1744843338        1744844798            0           
4         snd_data        3           10              3         5840        1744838958        1744839758        1744843338        1744844798            800         
5         rcv_ack         2           10              4         7200        1744839758        1744839758        1744845598        1744846958            0           
6         snd_data        4           10              4         7200        1744839758        1744840558        1744845598        1744846958            800         
7         snd_data        5           10              4         7200        1744839758        1744842018        1744845598        1744846958            2260        
8         snd_data        6           10              4         7200        1744839758        1744843478        1744845598        1744846958            3720        
9         rcv_ack         3           10              5         8800        1744840558        1744843478        1744847858        1744849358            2920        
10        rcv_ack         4           10              6         11680       1744842018        1744843478        1744850778        1744853698            1460        
11        rcv_ack         5           10              6         14600       1744843478        1744843478        1744852238        1744858078            0           
12        snd_data        7           10              6         14600       1744843478        1744843758        1744852238        1744858078            280         
13        snd_data        8           10              6         14600       1744843478        1744845218        1744852238        1744858078            1740        
14        snd_data        9           10              6         14600       1744843478        1744846678        1744852238        1744858078            3200        
15        rcv_ack         6           10              7         17520       1744843758        1744846678        1744853978        1744861278            2920        
16        rcv_ack         7           10              7         20440       1744845218        1744846678        1744855438        1744865658            1460        
17        snd_data        10          10              7         20440       1744845218        1744846958        1744855438        1744865658            1740        
18        snd_data        11          10              7         20440       1744845218        1744848418        1744855438        1744865658            3200        
19        rcv_ack         8           10              7         23360       1744846678        1744848418        1744856898        1744870038            1740        
20        rcv_ack         9           10              7         26280       1744846958        1744848418        1744857178        1744873238            1460        
21        rcv_ack         10          10              7         29200       1744848418        1744848418        1744858638        1744877618            0           
22        snd_data        12          10              7         29200       1744848418        1744848558        1744858638        1744877618            140         
23        snd_data        13          10              7         29200       1744848418        1744850018        1744858638        1744877618            1600        
24        snd_data        14          10              7         29200       1744848418        1744851478        1744858638        1744877618            3060        
25        rcv_ack         11          10              7         32120       1744848558        1744851478        1744858778        1744880678            2920        
26        rcv_ack         12          10              7         35040       1744850018        1744851478        1744860238        1744885058            1460        
27        snd_data        15          10              7         35040       1744850018        1744851758        1744860238        1744885058            1740        
28        snd_data        16          10              7         35040       1744850018        1744853218        1744860238        1744885058            3200        
29        rcv_ack         13          10              7         37960       1744851478        1744853218        1744861698        1744889438            1740        
30        rcv_ack         14          10              7         40880       1744851758        1744853218        1744861978        1744892638            1460        
31        snd_data        17          10              7         40880       1744851758        1744853358        1744861978        1744892638            1600        
32        snd_data        18          10              7         40880       1744851758        1744854818        1744861978        1744892638            3060        
33        rcv_ack         15          10              7         43800       1744853218        1744854818        1744863438        1744897018            1600        
34        rcv_ack         16          10              7         46720       1744853358        1744854818        1744863578        1744900078            1460        
35        rcv_ack         17          10              7         46720       1744854818        1744854818        1744865038        1744901538            0           
36        snd_data        19          10              7         46720       1744854818        1744854958        1744865038        1744901538            140         
37        snd_data        20          10              7         46720       1744854818        1744856418        1744865038        1744901538            1600        
38        snd_data        21          10              7         46720       1744854818        1744857878        1744865038        1744901538            3060        
39        rcv_ack         18          10              7         46720       1744854958        1744857878        1744865178        1744901678            2920        
40        rcv_ack         19          10              4         46720       1744854958        1744857878        1744860798        1744901678            2920        
40        timeout         21          2               1         46720       1744854958        1744857878        1744856418        1744901678            2920        
41        rcv_ack         20          2               2         46720       1744857878        1744857878        1744860798        1744904598            0           
42        snd_data        22          2               2         46720       1744857878        1744858158        1744860798        1744904598            280         
43        snd_data        23          2               2         46720       1744857878        1744859618        1744860798        1744904598            1740        
44        rcv_ack         21          2               3         46720       1744858158        1744859618        1744862538        1744904878            1460        
45        snd_data        24          2               3         46720       1744858158        1744861078        1744862538        1744904878            2920        
46        rcv_ack         22          2               3         46720       1744859618        1744861078        1744863998        1744906338            1460        
47        snd_data        25          2               3         46720       1744859618        1744861358        1744863998        1744906338            1740        
48        snd_data        26          2               3         46720       1744859618        1744862818        1744863998        1744906338            3200        
49        rcv_ack         23          2               3         46720       1744861078        1744862818        1744865458        1744907798            1740        
50        rcv_ack         24          2               3         46720       1744861358        1744862818        1744865738        1744908078            1460        
51        snd_data        27          2               3         46720       1744861358        1744862958        1744865738        1744908078            1600        
52        snd_data        28          2               3         46720       1744861358        1744864418        1744865738        1744908078            3060        
53        rcv_ack         25          2               4         46720       1744862818        1744864418        1744868658        1744909538            1600        
54        rcv_ack         26          2               4         46720       1744862958        1744864418        1744868798        1744909678            1460        
55        snd_data        29          2               4         46720       1744862958        1744864558        1744868798        1744909678            1600        
56        snd_data        30          2               4         46720       1744862958        1744866018        1744868798        1744909678            3060        
57        rcv_ack         27          2               4         46720       1744864418        1744866018        1744870258        1744911138            1600        
58        rcv_ack         28          2               4         46720       1744864558        1744866018        1744870398        1744911278            1460        
59        snd_data        31          2               4         46720       1744864558        1744866158        1744870398        1744911278            1600        
60        snd_data        32          2               4         46720       1744864558        1744867618        1744870398        1744911278            3060        
61        rcv_ack         29          2               4         46720       1744866018        1744867618        1744871858        1744912738            1600        
62        rcv_ack         30          2               5         46720       1744866158        1744867618        1744873458        1744912878            1460        
63        snd_data        33          2               5         46720       1744866158        1744867758        1744873458        1744912878            1600        
64        snd_data        34          2               5         46720       1744866158        1744869218        1744873458        1744912878            3060        
65        rcv_ack         31          2               5         46720       1744867618        1744869218        1744874918        1744914338            1600        
66        rcv_ack         32          2               5         46720       1744867758        1744869218        1744875058        1744914478            1460        
67        snd_data        35          2               5         46720       1744867758        1744869358        1744875058        1744914478            1600        
68        snd_data        36          2               5         46720       1744867758        1744870818        1744875058        1744914478            3060        
69        rcv_ack         33          2               5         46720       1744869218        1744870818        1744876518        1744915938            1600        
70        rcv_ack         34          2               5         46720       1744869358        1744870818        1744876658        1744916078            1460        
71        snd_data        37          2               5         46720       1744869358        1744870958        1744876658        1744916078            1600        
72        snd_data        38          2               5         46720       1744869358        1744872418        1744876658        1744916078            3060        
73        rcv_ack         35          2               5         46720       1744870818        1744872418        1744878118        1744917538            1600        
74        rcv_ack         36          2               6         46720       1744872418        1744872418        1744881178        1744919138            0           
75        snd_data        39          2               6         46720       1744872418        1744872558        1744881178        1744919138            140         
76        snd_data        40          2               6         46720       1744872418        1744874018        1744881178        1744919138            1600        
77        snd_data        41          2               6         46720       1744872418        1744875478        1744881178        1744919138            3060        
78        rcv_ack         37          2               6         46720       1744874018        1744875478        1744882778        1744920738            1460        
79        snd_data        42          2               6         46720       1744874018        1744875758        1744882778        1744920738            1740        
80        snd_data        43          2               6         46720       1744874018        1744877218        1744882778        1744920738            3200        
81        rcv_ack         38          2               6         46720       1744875478        1744877218        1744884238        1744922198            1740        
82        rcv_ack         39          2               6         46720       1744877218        1744877218        1744885978        1744923938            0           
83        snd_data        44          2               6         46720       1744877218        1744877358        1744885978        1744923938            140         
84        snd_data        45          2               6         46720       1744877218        1744878818        1744885978        1744923938            1600        
85        snd_data        46          2               6         46720       1744877218        1744880278        1744885978        1744923938            3060        
86        rcv_ack         40          2               6         46720       1744878818        1744880278        1744887578        1744925538            1460        
87        snd_data        47          2               6         46720       1744878818        1744880558        1744887578        1744925538            1740        
88        snd_data        48          2               6         46720       1744878818        1744882018        1744887578        1744925538            3200        
89        rcv_ack         41          2               6         46720       1744880278        1744882018        1744889038        1744926998            1740        
90        rcv_ack         42          2               6         46720       1744882018        1744882018        1744890778        1744928738            0           
91        snd_data        49          2               6         46720       1744882018        1744882158        1744890778        1744928738            140         
92        snd_data        50          2               6         46720       1744882018        1744883618        1744890778        1744928738            1600        
93        snd_data        51          2               6         46720       1744882018        1744885078        1744890778        1744928738            3060        
94        rcv_ack         43          2               6         46720       1744883618        1744885078        1744892378        1744930338            1460        
95        snd_data        52          2               6         46720       1744883618        1744885358        1744892378        1744930338            1740        
96        snd_data        53          2               6         46720       1744883618        1744886818        1744892378        1744930338            3200        
97        rcv_ack         44          2               6         46720       1744885078        1744886818        1744893838        1744931798            1740        
98        rcv_ack         45          2               6         46720       1744886818        1744886818        1744895578        1744933538            0           
99        snd_data        54          2               6         46720       1744886818        1744886958        1744895578        1744933538            140         
100       snd_data        55          2               6         46720       1744886818        1744888418        1744895578        1744933538            1600        
101       snd_data        56          2               6         46720       1744886818        1744889878        1744895578        1744933538            3060        
102       rcv_ack         46          2               7         46720       1744888418        1744889878        1744898638        1744935138            1460        
103       snd_data        57          2               7         46720       1744888418        1744890158        1744898638        1744935138            1740        
104       snd_data        58          2               7         46720       1744888418        1744891618        1744898638        1744935138            3200        
105       rcv_ack         47          2               7         46720       1744889878        1744891618        1744900098        1744936598            1740        
106       rcv_ack         48          2               7         46720       1744891618        1744891618        1744901838        1744938338            0           
107       snd_data        59          2               7         46720       1744891618        1744891758        1744901838        1744938338            140         
108       snd_data        60          2               7         46720       1744891618        1744893218        1744901838        1744938338            1600        
109       snd_data        61          2               7         46720       1744891618        1744894678        1744901838        1744938338            3060        
110       rcv_ack         49          2               7         46720       1744893218        1744894678        1744903438        1744939938            1460        
111       snd_data        62          2               7         46720       1744893218        1744894958        1744903438        1744939938            1740        
112       snd_data        63          2               7         46720       1744893218        1744896418        1744903438        1744939938            3200        
113       rcv_ack         50          2               7         46720       1744894678        1744896418        1744904898        1744941398            1740        
114       rcv_ack         51          2               7         46720       1744896418        1744896418        1744906638        1744943138            0           
115       snd_data        64          2               7         46720       1744896418        1744896558        1744906638        1744943138            140         
116       snd_data        65          2               7         46720       1744896418        1744898018        1744906638        1744943138            1600        
117       snd_data        66          2               7         46720       1744896418        1744899478        1744906638        1744943138            3060        
118       rcv_ack         52          2               7         46720       1744898018        1744899478        1744908238        1744944738            1460        
119       snd_data        67          2               7         46720       1744898018        1744899758        1744908238        1744944738            1740        
120       snd_data        68          2               7         46720       1744898018        1744901218        1744908238        1744944738            3200        
121       rcv_ack         53          2               7         46720       1744899758        1744901218        1744909978        1744946478            1460        
122       snd_data        69          2               7         46720       1744899758        1744901358        1744909978        1744946478            1600        
123       snd_data        70          2               7         46720       1744899758        1744902818        1744909978        1744946478            3060        
124       rcv_ack         54          2               7         46720       1744901358        1744902818        1744911578        1744948078            1460        
125       snd_data        71          2               7         46720       1744901358        1744902958        1744911578        1744948078            1600        
126       snd_data        72          2               7         46720       1744901358        1744904418        1744911578        1744948078            3060        
127       rcv_ack         55          2               7         46720       1744902818        1744904418        1744913038        1744949538            1600        
128       rcv_ack         56          2               7         46720       1744904418        1744904418        1744914638        1744951138            0           
129       snd_data        73          2               7         46720       1744904418        1744904558        1744914638        1744951138            140         
130       snd_data        74          2               7         46720       1744904418        1744906018        1744914638        1744951138            1600        
131       snd_data        75          2               7         46720       1744904418        1744907478        1744914638        1744951138            3060        
132       rcv_ack         57          2               7         46720       1744906018        1744907478        1744916238        1744952738            1460        
133       snd_data        76          2               7         46720       1744906018        1744907758        1744916238        1744952738            1740        
134       snd_data        77          2               7         46720       1744906018        1744909218        1744916238        1744952738            3200        
135       rcv_ack         58          2               7         46720       1744907478        1744909218        1744917698        1744954198            1740        
136       rcv_ack         59          2               7         46720       1744909218        1744909218        1744919438        1744955938            0           
137       snd_data        78          2               7         46720       1744909218        1744909358        1744919438        1744955938            140         
138       snd_data        79          2               7         46720       1744909218        1744910818        1744919438        1744955938            1600        
139       snd_data        80          2               7         46720       1744909218        1744912278        1744919438        1744955938            3060        
140       rcv_ack         60          2               7         46720       1744910818        1744912278        1744921038        1744957538            1460        
141       snd_data        81          2               7         46720       1744910818        1744912558        1744921038        1744957538            1740        
142       snd_data        82          2               7         46720       1744910818        1744914018        1744921038        1744957538            3200        
143       rcv_ack         61          2               7         46720       1744912278        1744914018        1744922498        1744958998            1740        
144       rcv_ack         62          2               7         46720       1744914018        1744914018        1744924238        1744960738            0           
145       snd_data        83          2               7         46720       1744914018        1744914158        1744924238        1744960738            140         
146       snd_data        84          2               7         46720       1744914018        1744915618        1744924238        1744960738            1600        
147       snd_data        85          2               7         46720       1744914018        1744917078        1744924238        1744960738            3060        
148       rcv_ack         63          2               7         46720       1744915618        1744917078        1744925838        1744962338            1460        
149       snd_data        86          2               7         46720       1744915618        1744917358        1744925838        1744962338            1740        
150       snd_data        87          2               7         46720       1744915618        1744918818        1744925838        1744962338            3200        
151       rcv_ack         64          2               7         46720       1744917078        1744918818        1744927298        1744963798            1740        
152       rcv_ack         65          2               7         46720       1744918818        1744918818        1744929038        1744965538            0           
153       snd_data        88          2               7         46720       1744918818        1744918958        1744929038        1744965538            140         
154       snd_data        89          2               7         46720       1744918818        1744920418        1744929038        1744965538            1600        
155       snd_data        90          2               7         46720       1744918818        1744921878        1744929038        1744965538            3060        
156       rcv_ack         66          2               7         46720       1744920418        1744921878        1744930638        1744967138            1460        
157       snd_data        91          2               7         46720       1744920418        1744922158        1744930638        1744967138            1740        
158       snd_data        92          2               7         46720       1744920418        1744923618        1744930638        1744967138            3200        
159       rcv_ack         67          2               7         46720       1744921878        1744923618        1744932098        1744968598            1740        
160       rcv_ack         68          2               7         46720       1744923618        1744923618        1744933838        1744970338            0           
161       snd_data        93          2               7         46720       1744923618        1744923758        1744933838        1744970338            140         
162       snd_data        94          2               7         46720       1744923618        1744925218        1744933838        1744970338            1600        
163       snd_data        95          2               7         46720       1744923618        1744926678        1744933838        1744970338            3060        
164       rcv_ack         69          2               7         46720       1744925218        1744926678        1744935438        1744971938            1460        
165       snd_data        96          2               7         46720       1744925218        1744926958        1744935438        1744971938            1740        
166       snd_data        97          2               7         46720       1744925218        1744928418        1744935438        1744971938            3200        
167       rcv_ack         70          2               7         46720       1744926958        1744928418        1744937178        1744973678            1460        
168       snd_data        98          2               7         46720       1744926958        1744928558        1744937178        1744973678            1600        
169       snd_data        99          2               7         46720       1744926958        1744930018        1744937178        1744973678            3060        
170       rcv_ack         71          2               7         46720       1744928418        1744930018        1744938638        1744975138            1600        
171       rcv_ack         72          2               7         46720       1744930018        1744930018        1744940238        1744976738            0           
172       snd_data        100         2               7         46720       1744930018        1744930158        1744940238        1744976738            140         
173       snd_data        101         2               7         46720       1744930018        1744931618        1744940238        1744976738            1600        
174       snd_data        102         2               7         46720       1744930018        1744933078        1744940238        1744976738            3060        
175       rcv_ack         73          2               7         46720       1744931618        1744933078        1744941838        1744978338            1460        
176       snd_data        103         2               7         46720       1744931618        1744933358        1744941838        1744978338            1740        
177       snd_data        104         2               7         46720       1744931618        1744934818        1744941838        1744978338            3200        
178       rcv_ack         74          2               7         46720       1744933078        1744934818        1744943298        1744979798            1740        
179       rcv_ack         75          2               7         46720       1744934818        1744934818        1744945038        1744981538            0           
180       snd_data        105         2               7         46720       1744934818        1744934958        1744945038        1744981538            140         
181       snd_data        106         2               7         46720       1744934818        1744936418        1744945038        1744981538            1600        
182       snd_data        107         2               7         46720       1744934818        1744937878        1744945038        1744981538            3060        
183       rcv_ack         76          2               7         46720       1744936418        1744937878        1744946638        1744983138            1460        
184       snd_data        108         2               7         46720       1744936418        1744938158        1744946638        1744983138            1740        
185       snd_data        109         2               7         46720       1744936418        1744939618        1744946638        1744983138            3200        
186       rcv_ack         77          2               7         46720       1744937878        1744939618        1744948098        1744984598            1740        
187       rcv_ack         78          2               7         46720       1744939618        1744939618        1744949838        1744986338            0           
188       snd_data        110         2               7         46720       1744939618        1744939758        1744949838        1744986338            140         
189       snd_data        111         2               7         46720       1744939618        1744941218        1744949838        1744986338            1600        
190       snd_data        112         2               7         46720       1744939618        1744942678        1744949838        1744986338            3060        
191       rcv_ack         79          2               7         46720       1744941218        1744942678        1744951438        1744987938            1460        
192       snd_data        113         2               7         46720       1744941218        1744942958        1744951438        1744987938            1740        
193       snd_data        114         2               7         46720       1744941218        1744944418        1744951438        1744987938            3200        
194       rcv_ack         80          2               7         46720       1744942678        1744944418        1744952898        1744989398            1740        
195       rcv_ack         81          2               7         46720       1744944418        1744944418        1744954638        1744991138            0           
196       snd_data        115         2               7         46720       1744944418        1744944558        1744954638        1744991138            140         
197       snd_data        116         2               7         46720       1744944418        1744946018        1744954638        1744991138            1600        
198       snd_data        117         2               7         46720       1744944418        1744947478        1744954638        1744991138            3060        
199       rcv_ack         82          2               7         46720       1744946018        1744947478        1744956238        1744992738            1460        
200       snd_data        118         2               7         46720       1744946018        1744947758        1744956238        1744992738            1740        
201       snd_data        119         2               7         46720       1744946018        1744949218        1744956238        1744992738            3200        
202       rcv_ack         83          2               7         46720       1744947478        1744949218        1744957698        1744994198            1740        
203       rcv_ack         84          2               7         46720       1744949218        1744949218        1744959438        1744995938            0           
204       snd_data        120         2               7         46720       1744949218        1744949358        1744959438        1744995938            140         
205       snd_data        121         2               7         46720       1744949218        1744950818        1744959438        1744995938            1600        
206       snd_data        122         2               7         46720       1744949218        1744952278        1744959438        1744995938            3060        
207       rcv_ack         85          2               7         45120       1744950818        1744952278        1744961038        1744995938            1460        
208       snd_data        123         2               7         45120       1744950818        1744952558        1744961038        1744995938            1740        
209       snd_data        124         2               7         45120       1744950818        1744954018        1744961038        1744995938            3200        
210       rcv_ack         86          2               7         43380       1744952558        1744954018        1744962778        1744995938            1460        
211       snd_data        125         2               7         43380       1744952558        1744954158        1744962778        1744995938            1600        
212       snd_data        126         2               7         43380       1744952558        1744955618        1744962778        1744995938            3060        
213       rcv_ack         87          2               7         41920       1744954018        1744955618        1744964238        1744995938            1600        
214       rcv_ack         88          2               7         40320       1744955618        1744955618        1744965838        1744995938            0           
215       snd_data        127         2               7         40320       1744955618        1744955758        1744965838        1744995938            140         
216       snd_data        128         2               7         40320       1744955618        1744957218        1744965838        1744995938            1600        
217       snd_data        129         2               7         40320       1744955618        1744958678        1744965838        1744995938            3060        
218       rcv_ack         89          2               7         46720       1744957218        1744958678        1744967438        1745003938            1460        
219       snd_data        130         2               7         46720       1744957218        1744958958        1744967438        1745003938            1740        
220       snd_data        131         2               7         46720       1744957218        1744960418        1744967438        1745003938            3200        
221       rcv_ack         90          2               7         46720       1744958678        1744960418        1744968898        1745005398            1740        
222       rcv_ack         91          2               7         46720       1744960418        1744960418        1744970638        1745007138            0           
223       snd_data        132         2               7         46720       1744960418        1744960558        1744970638        1745007138            140         
224       snd_data        133         2               7         46720       1744960418        1744962018        1744970638        1745007138            1600        
225       snd_data        134         2               7         46720       1744960418        1744963478        1744970638        1745007138            3060        
226       rcv_ack         92          2               7         46720       1744962018        1744963478        1744972238        1745008738            1460        
227       snd_data        135         2               7         46720       1744962018        1744963758        1744972238        1745008738            1740        
228       snd_data        136         2               7         46720       1744962018        1744965218        1744972238        1745008738            3200        
229       rcv_ack         93          2               7         46720       1744963478        1744965218        1744973698        1745010198            1740        
230       rcv_ack         94          2               7         46720       1744965218        1744965218        1744975438        1745011938            0           
231       snd_data        137         2               7         46720       1744965218        1744965358        1744975438        1745011938            140         
232       snd_data        138         2               7         46720       1744965218        1744966818        1744975438        1745011938            1600        
233       snd_data        139         2               7         46720       1744965218        1744968278        1744975438        1745011938            3060        
234       rcv_ack         95          2               7         46720       1744966818        1744968278        1744977038        1745013538            1460        
235       snd_data        140         2               7         46720       1744966818        1744968558        1744977038        1745013538            1740        
236       snd_data        141         2               7         46720       1744966818        1744970018        1744977038        1745013538            3200        
237       rcv_ack         96          2               7         46720       1744968278        1744970018        1744978498        1745014998            1740        
238       rcv_ack         97          2               7         45260       1744970018        1744970018        1744980238        1745015278            0           
239       snd_data        142         2               7         45260       1744970018        1744970158        1744980238        1745015278            140         
240       snd_data        143         2               7         45260       1744970018        1744971618        1744980238        1745015278            1600        
241       snd_data        144         2               7         45260       1744970018        1744973078        1744980238        1745015278            3060        
242       rcv_ack         98          2               7         42200       1744973078        1744973078        1744983298        1745015278            0           
243       snd_data        145         2               7         42200       1744973078        1744973358        1744983298        1745015278            280         
244       snd_data        146         2               7         42200       1744973078        1744974818        1744983298        1745015278            1740        
245       snd_data        147         2               7         42200       1744973078        1744976278        1744983298        1745015278            3200        
246       rcv_ack         99          2               7         40460       1744974818        1744976278        1744985038        1745015278            1460        
247       snd_data        148         2               7         40460       1744974818        1744976558        1744985038        1745015278            1740        
248       snd_data        149         2               7         40460       1744974818        1744978018        1744985038        1745015278            3200        
249       rcv_ack         100         2               7         37260       1744978018        1744978018        1744988238        1745015278            0           
250       snd_data        150         2               7         37260       1744978018        1744978158        1744988238        1745015278            140         
251       snd_data        151         2               7         37260       1744978018        1744979618        1744988238        1745015278            1600        
252       snd_data        152         2               7         37260       1744978018        1744981078        1744988238        1745015278            3060        
253       rcv_ack         101         2               7         35660       1744979618        1744981078        1744989838        1745015278            1460        
254       snd_data        153         2               7         35660       1744979618        1744981358        1744989838        1745015278            1740        
255       snd_data        154         2               7         35660       1744979618        1744982818        1744989838        1745015278            3200        
256       rcv_ack         102         2               7         32460       1744982818        1744982818        1744993038        1745015278            0           
257       snd_data        155         2               7         32460       1744982818        1744982958        1744993038        1745015278            140         
258       snd_data        156         2               7         32460       1744982818        1744984418        1744993038        1745015278            1600        
259       snd_data        157         2               7         32460       1744982818        1744985878        1744993038        1745015278            3060        
260       rcv_ack         103         2               7         30860       1744984418        1744985878        1744994638        1745015278            1460        
261       snd_data        158         2               7         30860       1744984418        1744986158        1744994638        1745015278            1740        
262       snd_data        159         2               7         30860       1744984418        1744987618        1744994638        1745015278            3200        
263       rcv_ack         104         2               7         27660       1744987618        1744987618        1744997838        1745015278            0           
264       snd_data        160         2               7         27660       1744987618        1744987758        1744997838        1745015278            140         
265       snd_data        161         2               7         27660       1744987618        1744989218        1744997838        1745015278            1600        
266       snd_data        162         2               7         27660       1744987618        1744990678        1744997838        1745015278            3060        
267       rcv_ack         105         2               7         24600       1744990678        1744990678        1745000898        1745015278            0           
268       snd_data        163         2               7         24600       1744990678        1744990958        1745000898        1745015278            280         
269       snd_data        164         2               7         24600       1744990678        1744992418        1745000898        1745015278            1740        
270       snd_data        165         2               7         24600       1744990678        1744993878        1745000898        1745015278            3200        
271       rcv_ack         106         2               7         21400       1744993878        1744993878        1745004098        1745015278            0           
272       snd_data        166         2               7         21400       1744993878        1744994158        1745004098        1745015278            280         
273       snd_data        167         2               7         21400       1744993878        1744995618        1745004098        1745015278            1740        
274       snd_data        168         2               7         21400       1744993878        1744997078        1745004098        1745015278            3200        
275       rcv_ack         107         2               7         18200       1744997078        1744997078        1745007298        1745015278            0           
276       snd_data        169         2               7         18200       1744997078        1744997358        1745007298        1745015278            280         
277       snd_data        170         2               7         18200       1744997078        1744998818        1745007298        1745015278            1740        
278       snd_data        171         2               7         18200       1744997078        1745000278        1745007298        1745015278            3200        
279       rcv_ack         108         2               7         16460       1744998818        1745000278        1745009038        1745015278            1460        
280       snd_data        172         2               7         16460       1744998818        1745000558        1745009038        1745015278            1740        
281       snd_data        173         2               7         16460       1744998818        1745002018        1745009038        1745015278            3200        
282       rcv_ack         109         2               7         13260       1745002018        1745002018        1745012238        1745015278            0           
283       snd_data        174         2               7         13260       1745002018        1745002158        1745012238        1745015278            140         
284       snd_data        175         2               7         13260       1745002018        1745003618        1745012238        1745015278            1600        
285       snd_data        176         2               7         13260       1745002018        1745005078        1745012238        1745015278            3060        
286       rcv_ack         110         2               7         11660       1745003618        1745005078        1745013838        1745015278            1460        
287       snd_data        177         2               7         11660       1745003618        1745005358        1745013838        1745015278            1740        
288       snd_data        178         2               7         11660       1745003618        1745006818        1745013838        1745015278            3200        
289       rcv_ack         111         2               7         23360       1745003618        1745006818        1745013838        1745026978            3200        
290       rcv_ack         112         2               7         24820       1745005358        1745006818        1745015578        1745030178            1460        
291       snd_data        179         2               7         24820       1745005358        1745006958        1745015578        1745030178            1600        
292       snd_data        180         2               7         24820       1745005358        1745008418        1745015578        1745030178            3060        
293       rcv_ack         113         2               7         23360       1745006818        1745008418        1745017038        1745030178            1600        
294       rcv_ack         114         2               7         21760       1745008418        1745008418        1745018638        1745030178            0           
295       snd_data        181         2               7         21760       1745008418        1745008558        1745018638        1745030178            140         
296       snd_data        182         2               7         21760       1745008418        1745010018        1745018638        1745030178            1600        
297       snd_data        183         2               7         21760       1745008418        1745011478        1745018638        1745030178            3060        
298       rcv_ack         115         2               7         18700       1745011478        1745011478        1745021698        1745030178            0           
299       snd_data        184         2               7         18700       1745011478        1745011758        1745021698        1745030178            280         
300       snd_data        185         2               7         18700       1745011478        1745013218        1745021698        1745030178            1740        
301       snd_data        186         2               7         18700       1745011478        1745014678        1745021698        1745030178            3200        
302       rcv_ack         116         2               7         15500       1745014678        1745014678        1745024898        1745030178            0           
303       snd_data        187         2               7         15500       1745014678        1745014958        1745024898        1745030178            280         
304       snd_data        188         2               7         15500       1745014678        1745016418        1745024898        1745030178            1740        
305       snd_data        189         2               7         15500       1745014678        1745017878        1745024898        1745030178            3200        
306       rcv_ack         117         2               7         13760       1745016418        1745017878        1745026638        1745030178            1460        
307       snd_data        190         2               7         13760       1745016418        1745018158        1745026638        1745030178            1740        
308       snd_data        191         2               7         13760       1745016418        1745019618        1745026638        1745030178            3200        
309       rcv_ack         118         2               7         10560       1745019618        1745019618        1745029838        1745030178            0           
310       snd_data        192         2               7         10560       1745019618        1745019758        1745029838        1745030178            140         
311       snd_data        193         2               7         10560       1745019618        1745021218        1745029838        1745030178            1600        
312       snd_data        194         2               7         10560       1745019618        1745022678        1745029838        1745030178            3060        
313       rcv_ack         119         2               7         8960        1745021218        1745022678        1745031438        1745030178            1460        
314       snd_data        195         2               7         8960        1745021218        1745022958        1745031438        1745030178            1740        
315       snd_data        196         2               7         8960        1745021218        1745024418        1745031438        1745030178            3200        
316       rcv_ack         120         2               7         5760        1745024418        1745024418        1745034638        1745030178            0           
317       snd_data        197         2               7         5760        1745024418        1745024558        1745034638        1745030178            140         
318       snd_data        198         2               7         5760        1745024418        1745026018        1745034638        1745030178            1600        
319       snd_data        199         2               7         5760        1745024418        1745027478        1745034638        1745030178            3060        
320       rcv_ack         121         2               7         4160        1745026018        1745027478        1745036238        1745030178            1460        
321       rcv_ack         122         2               7         5840        1745027478        1745027478        1745037698        1745033318            0           
322       snd_data        200         2               7         5840        1745027478        1745027758        1745037698        1745033318            280         
323       snd_data        201         2               7         5840        1745027478        1745029218        1745037698        1745033318            1740        
324       snd_data        202         2               7         5840        1745027478        1745030678        1745037698        1745033318            3200        
325       rcv_ack         123         2               7         8760        1745027758        1745030678        1745037978        1745036518            2920        
326       rcv_ack         124         2               7         11680       1745029218        1745030678        1745039438        1745040898            1460        
327       snd_data        203         2               7         11680       1745029218        1745030958        1745039438        1745040898            1740        
328       snd_data        204         2               7         11680       1745029218        1745032418        1745039438        1745040898            3200        
329       rcv_ack         125         2               7         14600       1745030678        1745032418        1745040898        1745045278            1740        
330       rcv_ack         126         2               7         17520       1745030958        1745032418        1745041178        1745048478            1460        
331       rcv_ack         127         2               7         20440       1745032418        1745032418        1745042638        1745052858            0           
332       snd_data        205         2               7         20440       1745032418        1745032558        1745042638        1745052858            140         
333       snd_data        206         2               7         20440       1745032418        1745034018        1745042638        1745052858            1600        
334       snd_data        207         2               7         20440       1745032418        1745035478        1745042638        1745052858            3060        
335       rcv_ack         128         2               7         23360       1745032558        1745035478        1745042778        1745055918            2920        
336       rcv_ack         129         2               7         26280       1745034018        1745035478        1745044238        1745060298            1460        
337       snd_data        208         2               7         26280       1745034018        1745035758        1745044238        1745060298            1740        
338       snd_data        209         2               7         26280       1745034018        1745037218        1745044238        1745060298            3200        
339       rcv_ack         130         2               7         29200       1745035478        1745037218        1745045698        1745064678            1740        
340       rcv_ack         131         2               7         32120       1745035758        1745037218        1745045978        1745067878            1460        
341       snd_data        210         2               7         32120       1745035758        1745037358        1745045978        1745067878            1600        
342       snd_data        211         2               7         32120       1745035758        1745038818        1745045978        1745067878            3060        
343       rcv_ack         132         2               7         35040       1745037218        1745038818        1745047438        1745072258            1600        
344       rcv_ack         133         2               7         37960       1745037358        1745038818        1745047578        1745075318            1460        
345       rcv_ack         134         2               7         40880       1745038818        1745038818        1745049038        1745079698            0           
346       snd_data        212         2               7         40880       1745038818        1745038958        1745049038        1745079698            140         
347       snd_data        213         2               7         40880       1745038818        1745040418        1745049038        1745079698            1600        
348       snd_data        214         2               7         40880       1745038818        1745041878        1745049038        1745079698            3060        
349       rcv_ack         135         2               7         42340       1745038958        1745041878        1745049178        1745081298            2920        
350       rcv_ack         136         2               7         40880       1745040418        1745041878        1745050638        1745081298            1460        
351       snd_data        215         2               7         40880       1745040418        1745042158        1745050638        1745081298            1740        
352       snd_data        216         2               7         40880       1745040418        1745043618        1745050638        1745081298            3200        
353       rcv_ack         137         2               7         39420       1745041878        1745043618        1745052098        1745081298            1740        
354       rcv_ack         138         2               7         37680       1745043618        1745043618        1745053838        1745081298            0           
355       snd_data        217         2               7         37680       1745043618        1745043758        1745053838        1745081298            140         
356       snd_data        218         2               7         37680       1745043618        1745045218        1745053838        1745081298            1600        
357       snd_data        219         2               7         37680       1745043618        1745046678        1745053838        1745081298            3060        
358       rcv_ack         139         2               7         34620       1745046678        1745046678        1745056898        1745081298            0           
359       snd_data        220         2               7         34620       1745046678        1745046958        1745056898        1745081298            280         
360       snd_data        221         2               7         34620       1745046678        1745048418        1745056898        1745081298            1740        
361       snd_data        222         2               7         34620       1745046678        1745049878        1745056898        1745081298            3200        
362       rcv_ack         140         2               7         32880       1745048418        1745049878        1745058638        1745081298            1460        
363       snd_data        223         2               7         32880       1745048418        1745050158        1745058638        1745081298            1740        
364       snd_data        224         2               7         32880       1745048418        1745051618        1745058638        1745081298            3200        
365       rcv_ack         141         2               7         29680       1745051618        1745051618        1745061838        1745081298            0           
366       snd_data        225         2               7         29680       1745051618        1745051758        1745061838        1745081298            140         
367       snd_data        226         2               7         29680       1745051618        1745053218        1745061838        1745081298            1600        
368       snd_data        227         2               7         29680       1745051618        1745054678        1745061838        1745081298            3060        
369       rcv_ack         142         2               7         37960       1745053218        1745054678        1745063438        1745091178            1460        
370       snd_data        228         2               7         37960       1745053218        1745054958        1745063438        1745091178            1740        
371       snd_data        229         2               7         37960       1745053218        1745056418        1745063438        1745091178            3200        
372       rcv_ack         143         2               7         36220       1745054958        1745056418        1745065178        1745091178            1460        
373       snd_data        230         2               7         36220       1745054958        1745056558        1745065178        1745091178            1600        
374       snd_data        231         2               7         36220       1745054958        1745058018        1745065178        1745091178            3060        
375       rcv_ack         144         2               7         35040       1745056418        1745058018        1745066638        1745091458            1600        
376       rcv_ack         145         2               7         33440       1745058018        1745058018        1745068238        1745091458            0           
377       snd_data        232         2               7         33440       1745058018        1745058158        1745068238        1745091458            140         
378       snd_data        233         2               7         33440       1745058018        1745059618        1745068238        1745091458            1600        
379       snd_data        234         2               7         33440       1745058018        1745061078        1745068238        1745091458            3060        
380       rcv_ack         146         2               7         30380       1745061078        1745061078        1745071298        1745091458            0           
381       snd_data        235         2               7         30380       1745061078        1745061358        1745071298        1745091458            280         
382       snd_data        236         2               7         30380       1745061078        1745062818        1745071298        1745091458            1740        
383       snd_data        237         2               7         30380       1745061078        1745064278        1745071298        1745091458            3200        
384       rcv_ack         147         2               7         28640       1745062818        1745064278        1745073038        1745091458            1460        
385       snd_data        238         2               7         28640       1745062818        1745064558        1745073038        1745091458            1740        
386       snd_data        239         2               7         28640       1745062818        1745066018        1745073038        1745091458            3200        
387       rcv_ack         148         2               7         25440       1745066018        1745066018        1745076238        1745091458            0           
388       snd_data        240         2               7         25440       1745066018        1745066158        1745076238        1745091458            140         
389       snd_data        241         2               7         25440       1745066018        1745067618        1745076238        1745091458            1600        
390       snd_data        242         2               7         25440       1745066018        1745069078        1745076238        1745091458            3060        
391       rcv_ack         149         2               7         23840       1745067618        1745069078        1745077838        1745091458            1460        
392       snd_data        243         2               7         23840       1745067618        1745069358        1745077838        1745091458            1740        
393       snd_data        244         2               7         23840       1745067618        1745070818        1745077838        1745091458            3200        
394       rcv_ack         150         2               7         20640       1745070818        1745070818        1745081038        1745091458            0           
395       snd_data        245         2               7         20640       1745070818        1745070958        1745081038        1745091458            140         
396       snd_data        246         2               7         20640       1745070818        1745072418        1745081038        1745091458            1600        
397       snd_data        247         2               7         20640       1745070818        1745073878        1745081038        1745091458            3060        
398       rcv_ack         151         2               7         19040       1745072418        1745073878        1745082638        1745091458            1460        
399       snd_data        248         2               7         19040       1745072418        1745074158        1745082638        1745091458            1740        
400       snd_data        249         2               7         19040       1745072418        1745075618        1745082638        1745091458            3200        
401       rcv_ack         152         2               7         15840       1745075618        1745075618        1745085838        1745091458            0           
402       snd_data        250         2               7         15840       1745075618        1745075758        1745085838        1745091458            140         
403       snd_data        251         2               7         15840       1745075618        1745077218        1745085838        1745091458            1600        
404       snd_data        252         2               7         15840       1745075618        1745078678        1745085838        1745091458            3060        
405       rcv_ack         153         2               7         14240       1745077218        1745078678        1745087438        1745091458            1460        
406       snd_data        253         2               7         14240       1745077218        1745078958        1745087438        1745091458            1740        
407       snd_data        254         2               7         14240       1745077218        1745080418        1745087438        1745091458            3200        
408       rcv_ack         154         2               7         11040       1745080418        1745080418        1745090638        1745091458            0           
409       snd_data        255         2               7         11040       1745080418        1745080558        1745090638        1745091458            140         
410       snd_data        256         2               7         11040       1745080418        1745082018        1745090638        1745091458            1600        
411       snd_data        257         2               7         11040       1745080418        1745083478        1745090638        1745091458            3060        
412       rcv_ack         155         2               7         7980        1745083478        1745083478        1745093698        1745091458            0           
413       snd_data        258         2               7         7980        1745083478        1745083758        1745093698        1745091458            280         
414       snd_data        259         2               7         7980        1745083478        1745085218        1745093698        1745091458            1740        
415       snd_data        260         2               7         7980        1745083478        1745086678        1745093698        1745091458            3200        
416       rcv_ack         156         2               7         7700        1745083758        1745086678        1745093978        1745091458            2920        
417       rcv_ack         157         2               7         7700        1745085218        1745086678        1745095438        1745092918            1460        
418       snd_data        261         2               7         7700        1745085218        1745086958        1745095438        1745092918            1740        
419       snd_data        262         2               7         7700        1745085218        1745088418        1745095438        1745092918            3200        
420       rcv_ack         158         2               7         11680       1745086678        1745088418        1745096898        1745098358            1740        
421       rcv_ack         159         2               7         14600       1745086958        1745088418        1745097178        1745101558            1460        
422       rcv_ack         160         2               7         17520       1745088418        1745088418        1745098638        1745105938            0           
423       snd_data        263         2               7         17520       1745088418        1745088558        1745098638        1745105938            140         
424       snd_data        264         2               7         17520       1745088418        1745090018        1745098638        1745105938            1600        
425       snd_data        265         2               7         17520       1745088418        1745091478        1745098638        1745105938            3060        
426       rcv_ack         161         2               7         20440       1745088558        1745091478        1745098778        1745108998            2920        
427       rcv_ack         162         2               7         21900       1745090018        1745091478        1745100238        1745111918            1460        
428       snd_data        266         2               7         21900       1745090018        1745091758        1745100238        1745111918            1740        
429       snd_data        267         2               7         21900       1745090018        1745093218        1745100238        1745111918            3200        
430       rcv_ack         163         2               7         20440       1745091478        1745093218        1745101698        1745111918            1740        
431       rcv_ack         164         2               7         18700       1745093218        1745093218        1745103438        1745111918            0           
432       snd_data        268         2               7         18700       1745093218        1745093358        1745103438        1745111918            140         
433       snd_data        269         2               7         18700       1745093218        1745094818        1745103438        1745111918            1600        
434       snd_data        270         2               7         18700       1745093218        1745096278        1745103438        1745111918            3060        
435       rcv_ack         165         2               7         17100       1745094818        1745096278        1745105038        1745111918            1460        
436       snd_data        271         2               7         17100       1745094818        1745096558        1745105038        1745111918            1740        
437       snd_data        272         2               7         17100       1745094818        1745098018        1745105038        1745111918            3200        
438       rcv_ack         166         2               7         13900       1745098018        1745098018        1745108238        1745111918            0           
439       snd_data        273         2               7         13900       1745098018        1745098158        1745108238        1745111918            140         
440       snd_data        274         2               7         13900       1745098018        1745099618        1745108238        1745111918            1600        
441       snd_data        275         2               7         13900       1745098018        1745101078        1745108238        1745111918            3060        
442       rcv_ack         167         2               7         24820       1745098158        1745101078        1745108378        1745122978            2920        
443       rcv_ack         168         2               7         23360       1745099618        1745101078        1745109838        1745122978            1460        
444       snd_data        276         2               7         23360       1745099618        1745101358        1745109838        1745122978            1740        
445       snd_data        277         2               7         23360       1745099618        1745102818        1745109838        1745122978            3200        
446       rcv_ack         169         2               7         21900       1745101078        1745102818        1745111298        1745122978            1740        
447       rcv_ack         170         2               7         20160       1745102818        1745102818        1745113038        1745122978            0           
448       snd_data        278         2               7         20160       1745102818        1745102958        1745113038        1745122978            140         
449       snd_data        279         2               7         20160       1745102818        1745104418        1745113038        1745122978            1600        
450       snd_data        280         2               7         20160       1745102818        1745105878        1745113038        1745122978            3060        
451       rcv_ack         171         2               7         18560       1745104418        1745105878        1745114638        1745122978            1460        
452       snd_data        281         2               7         18560       1745104418        1745106158        1745114638        1745122978            1740        
453       snd_data        282         2               7         18560       1745104418        1745107618        1745114638        1745122978            3200        
454       rcv_ack         172         2               7         15360       1745107618        1745107618        1745117838        1745122978            0           
455       snd_data        283         2               7         15360       1745107618        1745107758        1745117838        1745122978            140         
456       snd_data        284         2               7         15360       1745107618        1745109218        1745117838        1745122978            1600        
457       snd_data        285         2               7         15360       1745107618        1745110678        1745117838        1745122978            3060        
458       rcv_ack         173         2               7         12300       1745110678        1745110678        1745120898        1745122978            0           
459       snd_data        286         2               7         12300       1745110678        1745110958        1745120898        1745122978            280         
460       snd_data        287         2               7         12300       1745110678        1745112418        1745120898        1745122978            1740        
461       snd_data        288         2               7         12300       1745110678        1745113878        1745120898        1745122978            3200        
462       rcv_ack         174         2               7         10560       1745112418        1745113878        1745122638        1745122978            1460        
463       snd_data        289         2               7         10560       1745112418        1745114158        1745122638        1745122978            1740        
464       snd_data        290         2               7         10560       1745112418        1745115618        1745122638        1745122978            3200        
465       rcv_ack         175         2               7         7360        1745115618        1745115618        1745125838        1745122978            0           
466       snd_data        291         2               7         7360        1745115618        1745115758        1745125838        1745122978            140         
467       snd_data        292         2               7         7360        1745115618        1745117218        1745125838        1745122978            1600        
468       snd_data        293         2               7         7360        1745115618        1745118678        1745125838        1745122978            3060        
469       rcv_ack         176         2               7         5840        1745118678        1745118678        1745128898        1745124518            0           
470       snd_data        294         2               7         5840        1745118678        1745118958        1745128898        1745124518            280         
471       snd_data        295         2               7         5840        1745118678        1745120418        1745128898        1745124518            1740        
472       snd_data        296         2               7         5840        1745118678        1745121878        1745128898        1745124518            3200        
473       rcv_ack         177         2               7         8760        1745118958        1745121878        1745129178        1745127718            2920        
474       rcv_ack         178         2               7         11680       1745120418        1745121878        1745130638        1745132098            1460        
475       snd_data        297         2               7         11680       1745120418        1745122158        1745130638        1745132098            1740        
476       snd_data        298         2               7         11680       1745120418        1745123618        1745130638        1745132098            3200        
477       rcv_ack         179         2               7         14600       1745121878        1745123618        1745132098        1745136478            1740        
478       rcv_ack         180         2               7         12860       1745123618        1745123618        1745133838        1745136478            0           
479       snd_data        299         2               7         12860       1745123618        1745123758        1745133838        1745136478            140         
480       snd_data        300         2               7         12860       1745123618        1745125218        1745133838        1745136478            1600        
481       snd_data        301         2               7         12860       1745123618        1745126678        1745133838        1745136478            3060        
482       rcv_ack         181         2               7         11260       1745125218        1745126678        1745135438        1745136478            1460        
483       snd_data        302         2               7         11260       1745125218        1745126958        1745135438        1745136478            1740        
484       snd_data        303         2               7         11260       1745125218        1745128418        1745135438        1745136478            3200        
485       rcv_ack         182         2               7         8060        1745128418        1745128418        1745138638        1745136478            0           
486       snd_data        304         2               7         8060        1745128418        1745128558        1745138638        1745136478            140         
487       snd_data        305         2               7         8060        1745128418        1745130018        1745138638        1745136478            1600        
488       snd_data        306         2               7         8060        1745128418        1745131478        1745138638        1745136478            3060        
489       rcv_ack         183         2               7         6460        1745130018        1745131478        1745140238        1745136478            1460        
490       snd_data        307         2               7         6460        1745130018        1745131758        1745140238        1745136478            1740        
491       snd_data        308         2               7         6460        1745130018        1745133218        1745140238        1745136478            3200        
492       rcv_ack         184         2               7         3260        1745133218        1745133218        1745143438        1745136478            0           
493       snd_data        309         2               7         3260        1745133218        1745133358        1745143438        1745136478            140         
494       snd_data        310         2               7         3260        1745133218        1745134818        1745143438        1745136478            1600        
495       snd_data        311         2               7         3260        1745133218        1745136278        1745143438        1745136478            3060        
496       rcv_ack         185         2               7         5840        1745134818        1745136278        1745145038        1745140658            1460        
497       snd_data        312         2               7         5840        1745134818        1745136558        1745145038        1745140658            1740        
498       snd_data        313         2               7         5840        1745134818        1745138018        1745145038        1745140658            3200        
499       rcv_ack         186         2               7         2640        1745138018        1745138018        1745148238        1745140658            0           
500       snd_data        314         2               7         2640        1745138018        1745138158        1745148238        1745140658            140         
501       snd_data        315         2               7         2640        1745138018        1745139618        1745148238        1745140658            1600        
502       rcv_ack         187         2               7         1040        1745139618        1745139618        1745149838        1745140658            0           
503       rcv_ack         188         2               7         4380        1745139618        1745139618        1745149838        1745143998            0           
504       snd_data        316         2               7         4380        1745139618        1745141078        1745149838        1745143998            1460        
505       snd_data        317         2               7         4380        1745139618        1745142538        1745149838        1745143998            2920        
506       snd_data        318         2               7         4380        1745139618        1745143998        1745149838        1745143998            4380        
507       rcv_ack         189         2               7         8760        1745141078        1745143998        1745151298        1745149838            2920        
508       rcv_ack         190         2               7         10220       1745142538        1745143998        1745152758        1745152758            1460        
509       snd_data        319         2               7         10220       1745142538        1745144558        1745152758        1745152758            2020        
510       snd_data        320         2               7         10220       1745142538        1745146018        1745152758        1745152758            3480        
511       rcv_ack         191         2               7         7300        1745146018        1745146018        1745156238        1745153318            0           
512       snd_data        321         2               7         7300        1745146018        1745146158        1745156238        1745153318            140         
513       snd_data        322         2               7         7300        1745146018        1745147618        1745156238        1745153318            1600        
514       snd_data        323         2               7         7300        1745146018        1745149078        1745156238        1745153318            3060        
515       rcv_ack         192         2               7         5700        1745147618        1745149078        1745157838        1745153318            1460        
516       snd_data        324         2               7         5700        1745147618        1745149358        1745157838        1745153318            1740        
517       snd_data        325         2               7         5700        1745147618        1745150818        1745157838        1745153318            3200        
518       rcv_ack         193         2               7         4240        1745149078        1745150818        1745159298        1745153318            1740        
519       rcv_ack         194         2               7         2500        1745150818        1745150818        1745161038        1745153318            0           
520       snd_data        326         2               7         2500        1745150818        1745150958        1745161038        1745153318            140         
521       snd_data        327         2               7         2500        1745150818        1745152418        1745161038        1745153318            1600        
522       rcv_ack         195         2               7         900         1745152418        1745152418        1745162638        1745153318            0           
523       rcv_ack         196         4               4         0           1745153318        1745153318        1745159158        1745153318            0           
524       rcv_ack         197         4               4         0           1745153318        1745153318        1745159158        1745153318            0           
525       rcv_ack         198         4               4         0           1745153318        1745153318        1745159158        1745153318            0           
526       rcv_ack         199         4               4         1460        1745153318        1745153318        1745159158        1745154778            0           
527       snd_data        328         4               3         1460        1745153318        1745153878        1745157698        1745154778            560         
528       rcv_ack         200         4               3         4380        1745153318        1745153878        1745157698        1745157698            560         
529       snd_data        329         4               3         4380        1745153318        1745155338        1745157698        1745157698            2020        
530       snd_data        330         4               3         4380        1745153318        1745156798        1745157698        1745157698            3480        
531       rcv_ack         201         4               3         10220       1745153318        1745156798        1745157698        1745163538            3480        
532       rcv_ack         202         4               4         9660        1745153878        1745156798        1745159718        1745163538            2920        
533       rcv_ack         203         4               5         7300        1745156798        1745156798        1745164098        1745164098            0           
534       snd_data        331         4               5         7300        1745156798        1745157358        1745164098        1745164098            560         
535       snd_data        332         4               5         7300        1745156798        1745158818        1745164098        1745164098            2020        
536       snd_data        333         4               5         7300        1745156798        1745160278        1745164098        1745164098            3480        
537       rcv_ack         204         4               5         3820        1745160278        1745160278        1745167578        1745164098            0           
538       snd_data        334         4               5         3820        1745160278        1745160558        1745167578        1745164098            280         
539       snd_data        335         4               5         3820        1745160278        1745162018        1745167578        1745164098            1740        
540       snd_data        336         4               5         3820        1745160278        1745163478        1745167578        1745164098            3200        
541       rcv_ack         205         4               5         620         1745163478        1745163478        1745170778        1745164098            0           
542       snd_data        337         4               5         620         1745163478        1745163758        1745170778        1745164098            280         
543       rcv_ack         206         4               5         5840        1745163758        1745163758        1745171058        1745169598            0           
544       snd_data        338         4               5         5840        1745163758        1745165218        1745171058        1745169598            1460        
545       snd_data        339         4               5         5840        1745163758        1745166678        1745171058        1745169598            2920        
546       rcv_ack         207         4               5         8760        1745165218        1745166678        1745172518        1745173978            1460        
547       snd_data        340         4               5         8760        1745165218        1745166958        1745172518        1745173978            1740        
548       snd_data        341         4               5         8760        1745165218        1745168418        1745172518        1745173978            3200        
549       rcv_ack         208         4               5         10220       1745166678        1745168418        1745173978        1745176898            1740        
550       rcv_ack         209         4               5         8480        1745168418        1745168418        1745175718        1745176898            0           
551       snd_data        342         4               5         8480        1745168418        1745168558        1745175718        1745176898            140         
552       snd_data        343         4               5         8480        1745168418        1745170018        1745175718        1745176898            1600        
553       snd_data        344         4               5         8480        1745168418        1745171478        1745175718        1745176898            3060        
554       rcv_ack         210         4               6         6880        1745170018        1745171478        1745178778        1745176898            1460        
555       snd_data        345         4               6         6880        1745170018        1745171758        1745178778        1745176898            1740        
556       snd_data        346         4               6         6880        1745170018        1745173218        1745178778        1745176898            3200        
557       rcv_ack         211         4               6         3680        1745173218        1745173218        1745181978        1745176898            0           
558       snd_data        347         4               6         3680        1745173218        1745173358        1745181978        1745176898            140         
559       snd_data        348         4               6         3680        1745173218        1745174818        1745181978        1745176898            1600        
560       snd_data        349         4               6         3680        1745173218        1745176278        1745181978        1745176898            3060        
561       rcv_ack         212         4               6         2080        1745174818        1745176278        1745183578        1745176898            1460        
562       snd_data        350         4               6         2080        1745174818        1745176558        1745183578        1745176898            1740        
563       rcv_ack         213         4               6         340         1745176558        1745176558        1745185318        1745176898            0           
564       rcv_ack         214         4               4         2920        1745176898        1745176898        1745182738        1745179818            0           
565       snd_data        351         4               4         2920        1745176898        1745178018        1745182738        1745179818            1120        
566       snd_data        352         4               4         2920        1745176898        1745179478        1745182738        1745179818            2580        
567       rcv_ack         215         4               5         340         1745179478        1745179478        1745186778        1745179818            0           
568       rcv_ack         216         4               4         0           1745179818        1745179818        1745185658        1745179818            0           
569       rcv_ack         217         4               4         0           1745179818        1745179818        1745185658        1745179818            0           
570       rcv_ack         218         4               4         1460        1745179818        1745179818        1745185658        1745181278            0           
571       snd_data        353         4               3         1460        1745179818        1745180938        1745184198        1745181278            1120        
572       rcv_ack         219         4               3         4380        1745179818        1745180938        1745184198        1745184198            1120        
573       snd_data        354         4               3         4380        1745179818        1745182398        1745184198        1745184198            2580        
574       snd_data        355         4               3         4380        1745179818        1745183858        1745184198        1745184198            4040        
575       rcv_ack         220         4               4         8760        1745180938        1745183858        1745186778        1745189698            2920        
576       rcv_ack         221         4               5         10220       1745182398        1745183858        1745189698        1745192618            1460        
577       snd_data        356         4               5         10220       1745182398        1745184558        1745189698        1745192618            2160        
578       snd_data        357         4               5         10220       1745182398        1745186018        1745189698        1745192618            3620        
579       rcv_ack         222         4               5         7300        1745186018        1745186018        1745193318        1745193318            0           
580       snd_data        358         4               5         7300        1745186018        1745186158        1745193318        1745193318            140         
581       snd_data        359         4               5         7300        1745186018        1745187618        1745193318        1745193318            1600        
582       snd_data        360         4               5         7300        1745186018        1745189078        1745193318        1745193318            3060        
583       rcv_ack         223         4               5         4240        1745189078        1745189078        1745196378        1745193318            0           
584       snd_data        361         4               5         4240        1745189078        1745189358        1745196378        1745193318            280         
585       snd_data        362         4               5         4240        1745189078        1745190818        1745196378        1745193318            1740        
586       snd_data        363         4               5         4240        1745189078        1745192278        1745196378        1745193318            3200        
587       rcv_ack         224         4               5         2500        1745190818        1745192278        1745198118        1745193318            1460        
588       snd_data        364         4               5         2500        1745190818        1745192558        1745198118        1745193318            1740        
589       rcv_ack         225         4               6         5840        1745192558        1745192558        1745201318        1745198398            0           
590       snd_data        365         4               6         5840        1745192558        1745194018        1745201318        1745198398            1460        
591       snd_data        366         4               6         5840        1745192558        1745194158        1745201318        1745198398            1600        
592       snd_data        367         4               6         5840        1745192558        1745194869        1745201318        1745198398            2311        
593       rcv_ack         226         4               6         3529        1745194869        1745194869        1745203629        1745198398            0           
