Show TCP sender's some valuces about sndwnd:
pkt_seqno pkt_type        RorS_seqno  snd_ssthresh    snd_cwnd  rcv_wnd     snd_wnd_left      snd_wnd_pointer   snd_wnd_left+cwnd snd_wnd_left+rcv_wnd  snd_wnd_pointer-left
1         snd_con_syn     1           2147483647      2         0           1419333809        1419333810        1419336729        1419333809            1           
2         rcv_con_syn_ack 1           2147483647      2         5840        1419333810        1419333810        1419336730        1419339650            0           
3         snd_con_ack     2           2147483647      3         5840        1419333810        1419333810        1419338190        1419339650            0           
4         snd_data        3           2147483647      3         5840        1419333810        1419335210        1419338190        1419339650            1400        
5         snd_data        4           2147483647      3         5840        1419333810        1419336670        1419338190        1419339650            2860        
6         rcv_ack         2           2147483647      4         8400        1419335210        1419336670        1419341050        1419343610            1460        
7         snd_data        5           2147483647      4         8400        1419335210        1419338010        1419341050        1419343610            2800        
8         snd_data        6           2147483647      4         8400        1419335210        1419339470        1419341050        1419343610            4260        
9         snd_data        7           2147483647      4         8400        1419335210        1419340930        1419341050        1419343610            5720        
10        rcv_ack         3           2147483647      5         11680       1419336670        1419340930        1419343970        1419348350            4260        
11        snd_data        8           2147483647      5         11680       1419336670        1419342390        1419343970        1419348350            5720        
12        snd_data        9           2147483647      5         11680       1419336670        1419343850        1419343970        1419348350            7180        
13        rcv_ack         4           2147483647      6         14600       1419338010        1419343850        1419346770        1419352610            5840        
14        snd_data        10          2147483647      6         14600       1419338010        1419345310        1419346770        1419352610            7300        
15        snd_data        11          2147483647      6         14600       1419338010        1419346770        1419346770        1419352610            8760        
16        rcv_ack         5           2147483647      7         17520       1419339470        1419346770        1419349690        1419356990            7300        
17        snd_data        12          2147483647      7         17520       1419339470        1419348230        1419349690        1419356990            8760        
18        snd_data        13          2147483647      7         17520       1419339470        1419349690        1419349690        1419356990            10220       
19        rcv_ack         6           2147483647      8         20440       1419340930        1419349690        1419352610        1419361370            8760        
20        snd_data        14          2147483647      8         20440       1419340930        1419351150        1419352610        1419361370            10220       
21        snd_data        15          2147483647      8         20440       1419340930        1419352610        1419352610        1419361370            11680       
22        rcv_ack         7           2147483647      9         23360       1419342390        1419352610        1419355530        1419365750            10220       
23        snd_data        16          2147483647      9         23360       1419342390        1419354070        1419355530        1419365750            11680       
24        snd_data        17          2147483647      9         23360       1419342390        1419355530        1419355530        1419365750            13140       
25        rcv_ack         8           2147483647      10        26280       1419343850        1419355530        1419358450        1419370130            11680       
26        snd_data        18          2147483647      10        26280       1419343850        1419356990        1419358450        1419370130            13140       
27        snd_data        19          2147483647      10        26280       1419343850        1419358450        1419358450        1419370130            14600       
28        rcv_ack         9           2147483647      11        29200       1419345310        1419358450        1419361370        1419374510            13140       
29        snd_data        20          2147483647      11        29200       1419345310        1419359910        1419361370        1419374510            14600       
30        snd_data        21          2147483647      11        29200       1419345310        1419361370        1419361370        1419374510            16060       
31        rcv_ack         10          2147483647      12        32120       1419346770        1419361370        1419364290        1419378890            14600       
32        snd_data        22          2147483647      12        32120       1419346770        1419362830        1419364290        1419378890            16060       
33        snd_data        23          2147483647      12        32120       1419346770        1419364290        1419364290        1419378890            17520       
34        rcv_ack         11          2147483647      13        35040       1419348230        1419364290        1419367210        1419383270            16060       
35        snd_data        24          2147483647      13        35040       1419348230        1419365750        1419367210        1419383270            17520       
36        snd_data        25          2147483647      13        35040       1419348230        1419367210        1419367210        1419383270            18980       
37        rcv_ack         12          2147483647      14        37960       1419349690        1419367210        1419370130        1419387650            17520       
38        snd_data        26          2147483647      14        37960       1419349690        1419368670        1419370130        1419387650            18980       
39        snd_data        27          2147483647      14        37960       1419349690        1419370130        1419370130        1419387650            20440       
40        rcv_ack         13          2147483647      15        40880       1419351150        1419370130        1419373050        1419392030            18980       
41        snd_data        28          2147483647      15        40880       1419351150        1419371590        1419373050        1419392030            20440       
42        snd_data        29          2147483647      15        40880       1419351150        1419373050        1419373050        1419392030            21900       
43        rcv_ack         14          2147483647      16        43800       1419352610        1419373050        1419375970        1419396410            20440       
44        snd_data        30          2147483647      16        43800       1419352610        1419374510        1419375970        1419396410            21900       
45        snd_data        31          2147483647      16        43800       1419352610        1419375970        1419375970        1419396410            23360       
46        rcv_ack         15          2147483647      17        46720       1419354070        1419375970        1419378890        1419400790            21900       
47        snd_data        32          2147483647      17        46720       1419354070        1419377430        1419378890        1419400790            23360       
48        snd_data        33          2147483647      17        46720       1419354070        1419378890        1419378890        1419400790            24820       
49        rcv_ack         16          2147483647      18        46720       1419355530        1419378890        1419381810        1419402250            23360       
50        snd_data        34          2147483647      18        46720       1419355530        1419380350        1419381810        1419402250            24820       
51        snd_data        35          2147483647      18        46720       1419355530        1419381810        1419381810        1419402250            26280       
52        rcv_ack         17          2147483647      19        46720       1419356990        1419381810        1419384730        1419403710            24820       
53        snd_data        36          2147483647      19        46720       1419356990        1419383270        1419384730        1419403710            26280       
54        snd_data        37          2147483647      19        46720       1419356990        1419384730        1419384730        1419403710            27740       
55        rcv_ack         18          2147483647      20        46720       1419358450        1419384730        1419387650        1419405170            26280       
56        snd_data        38          2147483647      20        46720       1419358450        1419386190        1419387650        1419405170            27740       
57        snd_data        39          2147483647      20        46720       1419358450        1419387650        1419387650        1419405170            29200       
58        rcv_ack         19          2147483647      21        46720       1419359910        1419387650        1419390570        1419406630            27740       
59        snd_data        40          2147483647      21        46720       1419359910        1419389110        1419390570        1419406630            29200       
60        snd_data        41          2147483647      21        46720       1419359910        1419390570        1419390570        1419406630            30660       
61        rcv_ack         20          2147483647      21        46720       1419359910        1419390570        1419390570        1419406630            30660       
62        snd_data        42          2147483647      21        46720       1419359910        1419392030        1419390570        1419406630            32120       
63        rcv_ack         21          2147483647      21        46720       1419359910        1419392030        1419390570        1419406630            32120       
64        snd_data        43          2147483647      21        46720       1419359910        1419393490        1419390570        1419406630            33580       
65        rcv_ack         22          10              20        46720       1419359910        1419393490        1419389110        1419406630            33580       
66        rcv_ack         23          10              19        46720       1419359910        1419393490        1419387650        1419406630            33580       
67        rcv_ack         24          10              19        46720       1419359910        1419393490        1419387650        1419406630            33580       
68        snd_data        44          10              19        46720       1419359910        1419394950        1419387650        1419406630            35040       
69        rcv_ack         25          10              18        46720       1419359910        1419394950        1419386190        1419406630            35040       
70        rcv_ack         26          10              18        46720       1419359910        1419394950        1419386190        1419406630            35040       
71        snd_data        45          10              18        46720       1419359910        1419396410        1419386190        1419406630            36500       
72        rcv_ack         27          10              17        46720       1419359910        1419396410        1419384730        1419406630            36500       
73        rcv_ack         28          10              17        46720       1419359910        1419396410        1419384730        1419406630            36500       
74        snd_data        46          10              17        46720       1419359910        1419397870        1419384730        1419406630            37960       
75        rcv_ack         29          10              16        46720       1419359910        1419397870        1419383270        1419406630            37960       
76        rcv_ack         30          10              16        46720       1419359910        1419397870        1419383270        1419406630            37960       
77        snd_data        47          10              16        46720       1419359910        1419399330        1419383270        1419406630            39420       
78        rcv_ack         31          10              15        46720       1419359910        1419399330        1419381810        1419406630            39420       
79        rcv_ack         32          10              15        46720       1419359910        1419399330        1419381810        1419406630            39420       
80        snd_data        48          10              15        46720       1419359910        1419400790        1419381810        1419406630            40880       
81        rcv_ack         33          10              14        46720       1419359910        1419400790        1419380350        1419406630            40880       
82        rcv_ack         34          10              14        46720       1419359910        1419400790        1419380350        1419406630            40880       
83        snd_data        49          10              14        46720       1419359910        1419402250        1419380350        1419406630            42340       
84        rcv_ack         35          10              13        46720       1419359910        1419402250        1419378890        1419406630            42340       
85        rcv_ack         36          10              13        46720       1419359910        1419402250        1419378890        1419406630            42340       
86        snd_data        50          10              13        46720       1419359910        1419403710        1419378890        1419406630            43800       
87        rcv_ack         37          10              12        46720       1419359910        1419403710        1419377430        1419406630            43800       
88        rcv_ack         38          10              12        46720       1419359910        1419403710        1419377430        1419406630            43800       
89        snd_data        51          10              12        46720       1419359910        1419405170        1419377430        1419406630            45260       
90        rcv_ack         39          10              11        46720       1419359910        1419405170        1419375970        1419406630            45260       
91        rcv_ack         40          10              11        46720       1419359910        1419405170        1419375970        1419406630            45260       
92        snd_data        52          10              11        46720       1419359910        1419406630        1419375970        1419406630            46720       
93        rcv_ack         41          10              10        46720       1419359910        1419406630        1419374510        1419406630            46720       
94        rcv_ack         42          10              10        46720       1419393490        1419406630        1419408090        1419440210            13140       
95        snd_data        53          10              10        46720       1419393490        1419408090        1419408090        1419440210            14600       
96        rcv_ack         43          10              11        46720       1419394950        1419408090        1419411010        1419441670            13140       
97        snd_data        54          10              11        46720       1419394950        1419409550        1419411010        1419441670            14600       
98        snd_data        55          10              11        46720       1419394950        1419411010        1419411010        1419441670            16060       
99        rcv_ack         44          10              11        46720       1419396410        1419411010        1419412470        1419443130            14600       
100       snd_data        56          10              11        46720       1419396410        1419412470        1419412470        1419443130            16060       
101       rcv_ack         45          10              11        46720       1419397870        1419412470        1419413930        1419444590            14600       
102       snd_data        57          10              11        46720       1419397870        1419413930        1419413930        1419444590            16060       
103       rcv_ack         46          10              11        46720       1419399330        1419413930        1419415390        1419446050            14600       
104       snd_data        58          10              11        46720       1419399330        1419415390        1419415390        1419446050            16060       
105       rcv_ack         47          10              11        46720       1419400790        1419415390        1419416850        1419447510            14600       
106       snd_data        59          10              11        46720       1419400790        1419416850        1419416850        1419447510            16060       
107       rcv_ack         48          10              11        46720       1419402250        1419416850        1419418310        1419448970            14600       
108       snd_data        60          10              11        46720       1419402250        1419418310        1419418310        1419448970            16060       
109       rcv_ack         49          10              11        46720       1419403710        1419418310        1419419770        1419450430            14600       
110       snd_data        61          10              11        46720       1419403710        1419419770        1419419770        1419450430            16060       
111       rcv_ack         50          10              11        46720       1419405170        1419419770        1419421230        1419451890            14600       
112       snd_data        62          10              11        46720       1419405170        1419421230        1419421230        1419451890            16060       
113       rcv_ack         51          10              11        46720       1419406630        1419421230        1419422690        1419453350            14600       
114       snd_data        63          10              11        46720       1419406630        1419422690        1419422690        1419453350            16060       
115       rcv_ack         52          10              11        46720       1419408090        1419422690        1419424150        1419454810            14600       
116       snd_data        64          10              11        46720       1419408090        1419424150        1419424150        1419454810            16060       
117       rcv_ack         53          10              11        46720       1419409550        1419424150        1419425610        1419456270            14600       
118       snd_data        65          10              11        46720       1419409550        1419425610        1419425610        1419456270            16060       
119       rcv_ack         54          10              11        46720       1419411010        1419425610        1419427070        1419457730            14600       
120       snd_data        66          10              11        46720       1419411010        1419427070        1419427070        1419457730            16060       
121       rcv_ack         55          10              12        46720       1419412470        1419427070        1419429990        1419459190            14600       
122       snd_data        67          10              12        46720       1419412470        1419428530        1419429990        1419459190            16060       
123       snd_data        68          10              12        46720       1419412470        1419429990        1419429990        1419459190            17520       
124       rcv_ack         56          10              12        46720       1419413930        1419429990        1419431450        1419460650            16060       
125       snd_data        69          10              12        46720       1419413930        1419431450        1419431450        1419460650            17520       
126       rcv_ack         57          10              12        46720       1419415390        1419431450        1419432910        1419462110            16060       
127       snd_data        70          10              12        46720       1419415390        1419432910        1419432910        1419462110            17520       
128       rcv_ack         58          10              12        46720       1419416850        1419432910        1419434370        1419463570            16060       
129       snd_data        71          10              12        46720       1419416850        1419434370        1419434370        1419463570            17520       
130       rcv_ack         59          10              12        46720       1419418310        1419434370        1419435830        1419465030            16060       
131       snd_data        72          10              12        46720       1419418310        1419435830        1419435830        1419465030            17520       
132       rcv_ack         60          10              12        46720       1419419770        1419435830        1419437290        1419466490            16060       
133       snd_data        73          10              12        46720       1419419770        1419437290        1419437290        1419466490            17520       
134       rcv_ack         61          10              12        46720       1419421230        1419437290        1419438750        1419467950            16060       
135       snd_data        74          10              12        46720       1419421230        1419438750        1419438750        1419467950            17520       
136       rcv_ack         62          10              12        46720       1419422690        1419438750        1419440210        1419469410            16060       
137       snd_data        75          10              12        46720       1419422690        1419440210        1419440210        1419469410            17520       
138       rcv_ack         63          10              12        46720       1419424150        1419440210        1419441670        1419470870            16060       
139       snd_data        76          10              12        46720       1419424150        1419441670        1419441670        1419470870            17520       
140       rcv_ack         64          10              12        46720       1419425610        1419441670        1419443130        1419472330            16060       
141       snd_data        77          10              12        46720       1419425610        1419443130        1419443130        1419472330            17520       
142       rcv_ack         65          10              12        46720       1419427070        1419443130        1419444590        1419473790            16060       
143       snd_data        78          10              12        46720       1419427070        1419444590        1419444590        1419473790            17520       
144       rcv_ack         66          10              12        46720       1419428530        1419444590        1419446050        1419475250            16060       
145       snd_data        79          10              12        46720       1419428530        1419446050        1419446050        1419475250            17520       
146       rcv_ack         67          10              12        46720       1419429990        1419446050        1419447510        1419476710            16060       
147       snd_data        80          10              12        46720       1419429990        1419447510        1419447510        1419476710            17520       
148       rcv_ack         68          10              13        46720       1419431450        1419447510        1419450430        1419478170            16060       
149       snd_data        81          10              13        46720       1419431450        1419448970        1419450430        1419478170            17520       
150       snd_data        82          10              13        46720       1419431450        1419450430        1419450430        1419478170            18980       
151       rcv_ack         69          10              13        46720       1419434370        1419450430        1419453350        1419481090            16060       
152       snd_data        83          10              13        46720       1419434370        1419451890        1419453350        1419481090            17520       
153       snd_data        84          10              13        46720       1419434370        1419453350        1419453350        1419481090            18980       
154       rcv_ack         70          10              13        46720       1419437290        1419453350        1419456270        1419484010            16060       
155       snd_data        85          10              13        46720       1419437290        1419454810        1419456270        1419484010            17520       
156       snd_data        86          10              13        46720       1419437290        1419456270        1419456270        1419484010            18980       
157       rcv_ack         71          10              13        46720       1419440210        1419456270        1419459190        1419486930            16060       
158       snd_data        87          10              13        46720       1419440210        1419457730        1419459190        1419486930            17520       
159       snd_data        88          10              13        46720       1419440210        1419459190        1419459190        1419486930            18980       
160       rcv_ack         72          10              13        46720       1419443130        1419459190        1419462110        1419489850            16060       
161       snd_data        89          10              13        46720       1419443130        1419460650        1419462110        1419489850            17520       
162       snd_data        90          10              13        46720       1419443130        1419462110        1419462110        1419489850            18980       
163       rcv_ack         73          10              13        46720       1419446050        1419462110        1419465030        1419492770            16060       
164       snd_data        91          10              13        46720       1419446050        1419463570        1419465030        1419492770            17520       
165       snd_data        92          10              13        46720       1419446050        1419465030        1419465030        1419492770            18980       
166       rcv_ack         74          10              13        46720       1419447510        1419465030        1419466490        1419494230            17520       
167       snd_data        93          10              13        46720       1419447510        1419466490        1419466490        1419494230            18980       
168       rcv_ack         75          10              13        46720       1419450430        1419466490        1419469410        1419497150            16060       
169       snd_data        94          10              13        46720       1419450430        1419467950        1419469410        1419497150            17520       
170       snd_data        95          10              13        46720       1419450430        1419469410        1419469410        1419497150            18980       
171       rcv_ack         76          10              13        46720       1419453350        1419469410        1419472330        1419500070            16060       
172       snd_data        96          10              13        46720       1419453350        1419470870        1419472330        1419500070            17520       
173       snd_data        97          10              13        46720       1419453350        1419472330        1419472330        1419500070            18980       
174       rcv_ack         77          10              13        46720       1419456270        1419472330        1419475250        1419502990            16060       
175       snd_data        98          10              13        46720       1419456270        1419473790        1419475250        1419502990            17520       
176       snd_data        99          10              13        46720       1419456270        1419475250        1419475250        1419502990            18980       
177       rcv_ack         78          10              13        46720       1419459190        1419475250        1419478170        1419505910            16060       
178       snd_data        100         10              13        46720       1419459190        1419476710        1419478170        1419505910            17520       
179       snd_data        101         10              13        46720       1419459190        1419478170        1419478170        1419505910            18980       
180       rcv_ack         79          10              13        46720       1419462110        1419478170        1419481090        1419508830            16060       
181       snd_data        102         10              13        46720       1419462110        1419479630        1419481090        1419508830            17520       
182       snd_data        103         10              13        46720       1419462110        1419481090        1419481090        1419508830            18980       
183       rcv_ack         80          10              13        46720       1419465030        1419481090        1419484010        1419511750            16060       
184       snd_data        104         10              13        46720       1419465030        1419482550        1419484010        1419511750            17520       
185       snd_data        105         10              13        46720       1419465030        1419484010        1419484010        1419511750            18980       
186       rcv_ack         81          10              13        46720       1419467950        1419484010        1419486930        1419514670            16060       
187       snd_data        106         10              13        46720       1419467950        1419485470        1419486930        1419514670            17520       
188       snd_data        107         10              13        46720       1419467950        1419486930        1419486930        1419514670            18980       
189       rcv_ack         82          10              14        46720       1419470870        1419486930        1419491310        1419517590            16060       
190       snd_data        108         10              14        46720       1419470870        1419488390        1419491310        1419517590            17520       
191       snd_data        109         10              14        46720       1419470870        1419489850        1419491310        1419517590            18980       
192       snd_data        110         10              14        46720       1419470870        1419491310        1419491310        1419517590            20440       
193       rcv_ack         83          10              14        46720       1419473790        1419491310        1419494230        1419520510            17520       
194       snd_data        111         10              14        46720       1419473790        1419492770        1419494230        1419520510            18980       
195       snd_data        112         10              14        46720       1419473790        1419494230        1419494230        1419520510            20440       
196       rcv_ack         84          10              14        46720       1419476710        1419494230        1419497150        1419523430            17520       
197       snd_data        113         10              14        46720       1419476710        1419495690        1419497150        1419523430            18980       
198       snd_data        114         10              14        46720       1419476710        1419497150        1419497150        1419523430            20440       
199       rcv_ack         85          10              14        46720       1419479630        1419497150        1419500070        1419526350            17520       
200       snd_data        115         10              14        46720       1419479630        1419498610        1419500070        1419526350            18980       
201       snd_data        116         10              14        46720       1419479630        1419500070        1419500070        1419526350            20440       
202       rcv_ack         86          10              14        46720       1419482550        1419500070        1419502990        1419529270            17520       
203       snd_data        117         10              14        46720       1419482550        1419501530        1419502990        1419529270            18980       
204       snd_data        118         10              14        46720       1419482550        1419502990        1419502990        1419529270            20440       
205       rcv_ack         87          10              14        46720       1419485470        1419502990        1419505910        1419532190            17520       
206       snd_data        119         10              14        46720       1419485470        1419504450        1419505910        1419532190            18980       
207       snd_data        120         10              14        46720       1419485470        1419505910        1419505910        1419532190            20440       
208       rcv_ack         88          10              14        46720       1419488390        1419505910        1419508830        1419535110            17520       
209       snd_data        121         10              14        46720       1419488390        1419507370        1419508830        1419535110            18980       
210       snd_data        122         10              14        46720       1419488390        1419508830        1419508830        1419535110            20440       
211       rcv_ack         89          10              14        46720       1419491310        1419508830        1419511750        1419538030            17520       
212       snd_data        123         10              14        46720       1419491310        1419510290        1419511750        1419538030            18980       
213       snd_data        124         10              14        46720       1419491310        1419511750        1419511750        1419538030            20440       
214       rcv_ack         90          10              14        46720       1419494230        1419511750        1419514670        1419540950            17520       
215       snd_data        125         10              14        46720       1419494230        1419513210        1419514670        1419540950            18980       
216       snd_data        126         10              14        46720       1419494230        1419514670        1419514670        1419540950            20440       
217       rcv_ack         91          10              14        46720       1419497150        1419514670        1419517590        1419543870            17520       
218       snd_data        127         10              14        46720       1419497150        1419516130        1419517590        1419543870            18980       
219       snd_data        128         10              14        46720       1419497150        1419517590        1419517590        1419543870            20440       
220       rcv_ack         92          10              14        46720       1419498610        1419517590        1419519050        1419545330            18980       
221       snd_data        129         10              14        46720       1419498610        1419519050        1419519050        1419545330            20440       
222       rcv_ack         93          10              14        46720       1419501530        1419519050        1419521970        1419548250            17520       
223       snd_data        130         10              14        46720       1419501530        1419520510        1419521970        1419548250            18980       
224       snd_data        131         10              14        46720       1419501530        1419521970        1419521970        1419548250            20440       
225       rcv_ack         94          10              14        46720       1419504450        1419521970        1419524890        1419551170            17520       
226       snd_data        132         10              14        46720       1419504450        1419523430        1419524890        1419551170            18980       
227       snd_data        133         10              14        46720       1419504450        1419524890        1419524890        1419551170            20440       
228       rcv_ack         95          10              14        46720       1419507370        1419524890        1419527810        1419554090            17520       
229       snd_data        134         10              14        46720       1419507370        1419526350        1419527810        1419554090            18980       
230       snd_data        135         10              14        46720       1419507370        1419527810        1419527810        1419554090            20440       
231       rcv_ack         96          10              14        46720       1419510290        1419527810        1419530730        1419557010            17520       
232       snd_data        136         10              14        46720       1419510290        1419529270        1419530730        1419557010            18980       
233       snd_data        137         10              14        46720       1419510290        1419530730        1419530730        1419557010            20440       
234       rcv_ack         97          10              15        46720       1419513210        1419530730        1419535110        1419559930            17520       
235       snd_data        138         10              15        46720       1419513210        1419532190        1419535110        1419559930            18980       
236       snd_data        139         10              15        46720       1419513210        1419533650        1419535110        1419559930            20440       
237       snd_data        140         10              15        46720       1419513210        1419535110        1419535110        1419559930            21900       
238       rcv_ack         98          10              15        46720       1419516130        1419535110        1419538030        1419562850            18980       
239       snd_data        141         10              15        46720       1419516130        1419536570        1419538030        1419562850            20440       
240       snd_data        142         10              15        46720       1419516130        1419538030        1419538030        1419562850            21900       
241       rcv_ack         99          10              15        46720       1419519050        1419538030        1419540950        1419565770            18980       
242       snd_data        143         10              15        46720       1419519050        1419539490        1419540950        1419565770            20440       
243       snd_data        144         10              15        46720       1419519050        1419540950        1419540950        1419565770            21900       
244       rcv_ack         100         10              15        46720       1419521970        1419540950        1419543870        1419568690            18980       
245       snd_data        145         10              15        46720       1419521970        1419542410        1419543870        1419568690            20440       
246       snd_data        146         10              15        46720       1419521970        1419543870        1419543870        1419568690            21900       
247       rcv_ack         101         10              15        46720       1419524890        1419543870        1419546790        1419571610            18980       
248       snd_data        147         10              15        46720       1419524890        1419545330        1419546790        1419571610            20440       
249       snd_data        148         10              15        46720       1419524890        1419546790        1419546790        1419571610            21900       
250       rcv_ack         102         10              15        46720       1419527810        1419546790        1419549710        1419574530            18980       
251       snd_data        149         10              15        46720       1419527810        1419548250        1419549710        1419574530            20440       
252       snd_data        150         10              15        46720       1419527810        1419549710        1419549710        1419574530            21900       
253       rcv_ack         103         10              15        46720       1419530730        1419549710        1419552630        1419577450            18980       
254       snd_data        151         10              15        46720       1419530730        1419551170        1419552630        1419577450            20440       
255       snd_data        152         10              15        46720       1419530730        1419552630        1419552630        1419577450            21900       
256       rcv_ack         104         10              15        46720       1419533650        1419552630        1419555550        1419580370            18980       
257       snd_data        153         10              15        46720       1419533650        1419554090        1419555550        1419580370            20440       
258       snd_data        154         10              15        46720       1419533650        1419555550        1419555550        1419580370            21900       
259       rcv_ack         105         10              15        46720       1419536570        1419555550        1419558470        1419583290            18980       
260       snd_data        155         10              15        46720       1419536570        1419557010        1419558470        1419583290            20440       
261       snd_data        156         10              15        46720       1419536570        1419558470        1419558470        1419583290            21900       
262       rcv_ack         106         10              15        46720       1419539490        1419558470        1419561390        1419586210            18980       
263       snd_data        157         10              15        46720       1419539490        1419559930        1419561390        1419586210            20440       
264       snd_data        158         10              15        46720       1419539490        1419561390        1419561390        1419586210            21900       
265       rcv_ack         107         10              15        46720       1419542410        1419561390        1419564310        1419589130            18980       
266       snd_data        159         10              15        46720       1419542410        1419562850        1419564310        1419589130            20440       
267       snd_data        160         10              15        46720       1419542410        1419564310        1419564310        1419589130            21900       
268       rcv_ack         108         10              15        46720       1419545330        1419564310        1419567230        1419592050            18980       
269       snd_data        161         10              15        46720       1419545330        1419565770        1419567230        1419592050            20440       
270       snd_data        162         10              15        46720       1419545330        1419567230        1419567230        1419592050            21900       
271       rcv_ack         109         10              15        46720       1419548250        1419567230        1419570150        1419594970            18980       
272       snd_data        163         10              15        46720       1419548250        1419568690        1419570150        1419594970            20440       
273       snd_data        164         10              15        46720       1419548250        1419570150        1419570150        1419594970            21900       
274       rcv_ack         110         10              15        46720       1419551170        1419570150        1419573070        1419597890            18980       
275       snd_data        165         10              15        46720       1419551170        1419571610        1419573070        1419597890            20440       
276       snd_data        166         10              15        46720       1419551170        1419573070        1419573070        1419597890            21900       
277       rcv_ack         111         10              15        46720       1419552630        1419573070        1419574530        1419599350            20440       
278       snd_data        167         10              15        46720       1419552630        1419574530        1419574530        1419599350            21900       
279       rcv_ack         112         10              15        46720       1419555550        1419574530        1419577450        1419602270            18980       
280       snd_data        168         10              15        46720       1419555550        1419575990        1419577450        1419602270            20440       
281       snd_data        169         10              15        46720       1419555550        1419577450        1419577450        1419602270            21900       
282       rcv_ack         113         10              16        46720       1419558470        1419577450        1419581830        1419605190            18980       
283       snd_data        170         10              16        46720       1419558470        1419578910        1419581830        1419605190            20440       
284       snd_data        171         10              16        46720       1419558470        1419580370        1419581830        1419605190            21900       
285       snd_data        172         10              16        46720       1419558470        1419581830        1419581830        1419605190            23360       
286       rcv_ack         114         10              16        46720       1419561390        1419581830        1419584750        1419608110            20440       
287       snd_data        173         10              16        46720       1419561390        1419583290        1419584750        1419608110            21900       
288       snd_data        174         10              16        46720       1419561390        1419584750        1419584750        1419608110            23360       
289       rcv_ack         115         10              16        46720       1419564310        1419584750        1419587670        1419611030            20440       
290       snd_data        175         10              16        46720       1419564310        1419586210        1419587670        1419611030            21900       
291       snd_data        176         10              16        46720       1419564310        1419587670        1419587670        1419611030            23360       
292       rcv_ack         116         10              16        46720       1419567230        1419587670        1419590590        1419613950            20440       
293       snd_data        177         10              16        46720       1419567230        1419589130        1419590590        1419613950            21900       
294       snd_data        178         10              16        46720       1419567230        1419590590        1419590590        1419613950            23360       
295       rcv_ack         117         10              16        46720       1419570150        1419590590        1419593510        1419616870            20440       
296       snd_data        179         10              16        46720       1419570150        1419592050        1419593510        1419616870            21900       
297       snd_data        180         10              16        46720       1419570150        1419593510        1419593510        1419616870            23360       
298       rcv_ack         118         10              16        46720       1419573070        1419593510        1419596430        1419619790            20440       
299       snd_data        181         10              16        46720       1419573070        1419594970        1419596430        1419619790            21900       
300       snd_data        182         10              16        46720       1419573070        1419596430        1419596430        1419619790            23360       
301       rcv_ack         119         10              16        46720       1419575990        1419596430        1419599350        1419622710            20440       
302       snd_data        183         10              16        46720       1419575990        1419597890        1419599350        1419622710            21900       
303       snd_data        184         10              16        46720       1419575990        1419599350        1419599350        1419622710            23360       
304       rcv_ack         120         10              16        46720       1419578910        1419599350        1419602270        1419625630            20440       
305       snd_data        185         10              16        46720       1419578910        1419600810        1419602270        1419625630            21900       
306       snd_data        186         10              16        46720       1419578910        1419602270        1419602270        1419625630            23360       
307       rcv_ack         121         10              16        46720       1419581830        1419602270        1419605190        1419628550            20440       
308       snd_data        187         10              16        46720       1419581830        1419603730        1419605190        1419628550            21900       
309       snd_data        188         10              16        46720       1419581830        1419605190        1419605190        1419628550            23360       
310       rcv_ack         122         10              16        46720       1419584750        1419605190        1419608110        1419631470            20440       
311       snd_data        189         10              16        46720       1419584750        1419606650        1419608110        1419631470            21900       
312       snd_data        190         10              16        46720       1419584750        1419608110        1419608110        1419631470            23360       
313       rcv_ack         123         10              16        46720       1419587670        1419608110        1419611030        1419634390            20440       
314       snd_data        191         10              16        46720       1419587670        1419609570        1419611030        1419634390            21900       
315       snd_data        192         10              16        46720       1419587670        1419611030        1419611030        1419634390            23360       
316       rcv_ack         124         10              16        46720       1419590590        1419611030        1419613950        1419637310            20440       
317       snd_data        193         10              16        46720       1419590590        1419612490        1419613950        1419637310            21900       
318       snd_data        194         10              16        46720       1419590590        1419613950        1419613950        1419637310            23360       
319       rcv_ack         125         10              16        46720       1419593510        1419613950        1419616870        1419640230            20440       
320       snd_data        195         10              16        46720       1419593510        1419615410        1419616870        1419640230            21900       
321       snd_data        196         10              16        46720       1419593510        1419616870        1419616870        1419640230            23360       
322       rcv_ack         126         10              16        46720       1419596430        1419616870        1419619790        1419643150            20440       
323       snd_data        197         10              16        46720       1419596430        1419618330        1419619790        1419643150            21900       
324       snd_data        198         10              16        46720       1419596430        1419619790        1419619790        1419643150            23360       
325       rcv_ack         127         10              16        46720       1419599350        1419619790        1419622710        1419646070            20440       
326       snd_data        199         10              16        46720       1419599350        1419621250        1419622710        1419646070            21900       
327       snd_data        200         10              16        46720       1419599350        1419622710        1419622710        1419646070            23360       
328       rcv_ack         128         10              16        46720       1419602270        1419622710        1419625630        1419648990            20440       
329       snd_data        201         10              16        46720       1419602270        1419624170        1419625630        1419648990            21900       
330       snd_data        202         10              16        46720       1419602270        1419625630        1419625630        1419648990            23360       
331       rcv_ack         129         10              16        46720       1419605190        1419625630        1419628550        1419651910            20440       
332       snd_data        203         10              16        46720       1419605190        1419627090        1419628550        1419651910            21900       
333       snd_data        204         10              16        46720       1419605190        1419628550        1419628550        1419651910            23360       
334       rcv_ack         130         10              17        46720       1419606650        1419628550        1419631470        1419653370            21900       
335       snd_data        205         10              17        46720       1419606650        1419630010        1419631470        1419653370            23360       
336       snd_data        206         10              17        46720       1419606650        1419631470        1419631470        1419653370            24820       
337       rcv_ack         131         10              17        46720       1419609570        1419631470        1419634390        1419656290            21900       
338       snd_data        207         10              17        46720       1419609570        1419632930        1419634390        1419656290            23360       
339       snd_data        208         10              17        46720       1419609570        1419634390        1419634390        1419656290            24820       
340       rcv_ack         132         10              17        46720       1419612490        1419634390        1419637310        1419659210            21900       
341       snd_data        209         10              17        46720       1419612490        1419635850        1419637310        1419659210            23360       
342       snd_data        210         10              17        46720       1419612490        1419637310        1419637310        1419659210            24820       
343       rcv_ack         133         10              17        46720       1419615410        1419637310        1419640230        1419662130            21900       
344       snd_data        211         10              17        46720       1419615410        1419638770        1419640230        1419662130            23360       
345       snd_data        212         10              17        46720       1419615410        1419640230        1419640230        1419662130            24820       
346       rcv_ack         134         10              17        46720       1419618330        1419640230        1419643150        1419665050            21900       
347       snd_data        213         10              17        46720       1419618330        1419641690        1419643150        1419665050            23360       
348       snd_data        214         10              17        46720       1419618330        1419643150        1419643150        1419665050            24820       
349       rcv_ack         135         10              17        46720       1419621250        1419643150        1419646070        1419667970            21900       
350       snd_data        215         10              17        46720       1419621250        1419644610        1419646070        1419667970            23360       
351       snd_data        216         10              17        46720       1419621250        1419646070        1419646070        1419667970            24820       
352       rcv_ack         136         10              17        46720       1419624170        1419646070        1419648990        1419670890            21900       
353       snd_data        217         10              17        46720       1419624170        1419647530        1419648990        1419670890            23360       
354       snd_data        218         10              17        46720       1419624170        1419648990        1419648990        1419670890            24820       
355       rcv_ack         137         10              17        46720       1419627090        1419648990        1419651910        1419673810            21900       
356       snd_data        219         10              17        46720       1419627090        1419650450        1419651910        1419673810            23360       
357       snd_data        220         10              17        46720       1419627090        1419651910        1419651910        1419673810            24820       
358       rcv_ack         138         10              17        46720       1419630010        1419651910        1419654830        1419676730            21900       
359       snd_data        221         10              17        46720       1419630010        1419653370        1419654830        1419676730            23360       
360       snd_data        222         10              17        46720       1419630010        1419654830        1419654830        1419676730            24820       
361       rcv_ack         139         10              17        46720       1419632930        1419654830        1419657750        1419679650            21900       
362       snd_data        223         10              17        46720       1419632930        1419656290        1419657750        1419679650            23360       
363       snd_data        224         10              17        46720       1419632930        1419657750        1419657750        1419679650            24820       
364       rcv_ack         140         10              17        46720       1419635850        1419657750        1419660670        1419682570            21900       
365       snd_data        225         10              17        46720       1419635850        1419659210        1419660670        1419682570            23360       
366       snd_data        226         10              17        46720       1419635850        1419660670        1419660670        1419682570            24820       
367       rcv_ack         141         10              17        46720       1419638770        1419660670        1419663590        1419685490            21900       
368       snd_data        227         10              17        46720       1419638770        1419662130        1419663590        1419685490            23360       
369       snd_data        228         10              17        46720       1419638770        1419663590        1419663590        1419685490            24820       
370       rcv_ack         142         10              17        46720       1419641690        1419663590        1419666510        1419688410            21900       
371       snd_data        229         10              17        46720       1419641690        1419665050        1419666510        1419688410            23360       
372       snd_data        230         10              17        46720       1419641690        1419666510        1419666510        1419688410            24820       
373       rcv_ack         143         10              17        46720       1419644610        1419666510        1419669430        1419691330            21900       
374       snd_data        231         10              17        46720       1419644610        1419667970        1419669430        1419691330            23360       
375       snd_data        232         10              17        46720       1419644610        1419669430        1419669430        1419691330            24820       
376       rcv_ack         144         10              17        46720       1419647530        1419669430        1419672350        1419694250            21900       
377       snd_data        233         10              17        46720       1419647530        1419670890        1419672350        1419694250            23360       
378       snd_data        234         10              17        46720       1419647530        1419672350        1419672350        1419694250            24820       
379       rcv_ack         145         10              17        46720       1419650450        1419672350        1419675270        1419697170            21900       
380       snd_data        235         10              17        46720       1419650450        1419673810        1419675270        1419697170            23360       
381       snd_data        236         10              17        46720       1419650450        1419675270        1419675270        1419697170            24820       
382       rcv_ack         146         10              17        46720       1419653370        1419675270        1419678190        1419700090            21900       
383       snd_data        237         10              17        46720       1419653370        1419676730        1419678190        1419700090            23360       
384       snd_data        238         10              17        46720       1419653370        1419678190        1419678190        1419700090            24820       
385       rcv_ack         147         10              17        46720       1419656290        1419678190        1419681110        1419703010            21900       
386       snd_data        239         10              17        46720       1419656290        1419679650        1419681110        1419703010            23360       
387       snd_data        240         10              17        46720       1419656290        1419681110        1419681110        1419703010            24820       
388       rcv_ack         148         10              18        46720       1419657750        1419681110        1419684030        1419704470            23360       
389       snd_data        241         10              18        46720       1419657750        1419682570        1419684030        1419704470            24820       
390       snd_data        242         10              18        46720       1419657750        1419684030        1419684030        1419704470            26280       
391       rcv_ack         149         10              18        46720       1419660670        1419684030        1419686950        1419707390            23360       
392       snd_data        243         10              18        46720       1419660670        1419685490        1419686950        1419707390            24820       
393       snd_data        244         10              18        46720       1419660670        1419686950        1419686950        1419707390            26280       
394       rcv_ack         150         10              18        46720       1419663590        1419686950        1419689870        1419710310            23360       
395       snd_data        245         10              18        46720       1419663590        1419688410        1419689870        1419710310            24820       
396       snd_data        246         10              18        46720       1419663590        1419689721        1419689870        1419710310            26131       
397       rcv_ack         151         10              18        46720       1419666510        1419689721        1419692790        1419713230            23211       
398       rcv_ack         152         10              18        46720       1419669430        1419689721        1419695710        1419716150            20291       
399       rcv_ack         153         10              18        46720       1419672350        1419689721        1419698630        1419719070            17371       
400       rcv_ack         154         10              18        46720       1419675270        1419689721        1419701550        1419721990            14451       
401       rcv_ack         155         10              18        46720       1419678190        1419689721        1419704470        1419724910            11531       
402       rcv_ack         156         10              18        46720       1419681110        1419689721        1419707390        1419727830            8611        
403       rcv_ack         157         10              18        46720       1419684030        1419689721        1419710310        1419730750            5691        
404       rcv_ack         158         10              18        46720       1419686950        1419689721        1419713230        1419733670            2771        
405       rcv_ack         159         10              18        46720       1419689721        1419689721        1419716001        1419736441            0           
