Show TCP sender's some valuces about sndwnd:
pkt_seqno pkt_type        RorS_seqno  snd_ssthresh    snd_cwnd  rcv_wnd     snd_wnd_left      snd_wnd_pointer   snd_wnd_left+cwnd snd_wnd_left+rcv_wnd  snd_wnd_pointer-left
1         snd_con_syn     1           2147483647      2         0           2438528324        2438528325        2438531244        2438528324            1           
2         rcv_con_syn_ack 1           2147483647      2         5840        2438528325        2438528325        2438531245        2438534165            0           
3         snd_con_ack     2           2147483647      3         5840        2438528325        2438528325        2438532705        2438534165            0           
4         snd_data        3           2147483647      3         5840        2438528325        2438529725        2438532705        2438534165            1400        
5         snd_data        4           2147483647      3         5840        2438528325        2438531185        2438532705        2438534165            2860        
6         snd_data        5           2147483647      3         5840        2438528325        2438532645        2438532705        2438534165            4320        
7         rcv_ack         2           2147483647      4         8400        2438529725        2438532645        2438535565        2438538125            2920        
8         snd_data        6           2147483647      4         8400        2438529725        2438534105        2438535565        2438538125            4380        
9         snd_data        7           2147483647      4         8400        2438529725        2438535565        2438535565        2438538125            5840        
10        rcv_ack         3           2147483647      5         11680       2438531185        2438535565        2438538485        2438542865            4380        
11        snd_data        8           2147483647      5         11680       2438531185        2438537025        2438538485        2438542865            5840        
12        snd_data        9           2147483647      5         11680       2438531185        2438538485        2438538485        2438542865            7300        
13        rcv_ack         4           2147483647      6         14600       2438532645        2438538485        2438541405        2438547245            5840        
14        snd_data        10          2147483647      6         14600       2438532645        2438539945        2438541405        2438547245            7300        
15        snd_data        11          2147483647      6         14600       2438532645        2438541405        2438541405        2438547245            8760        
16        rcv_ack         5           2147483647      7         17520       2438534105        2438541405        2438544325        2438551625            7300        
17        snd_data        12          2147483647      7         17520       2438534105        2438542865        2438544325        2438551625            8760        
18        snd_data        13          2147483647      7         17520       2438534105        2438544325        2438544325        2438551625            10220       
19        rcv_ack         6           2147483647      8         20440       2438535565        2438544325        2438547245        2438556005            8760        
20        snd_data        14          2147483647      8         20440       2438535565        2438545785        2438547245        2438556005            10220       
21        snd_data        15          2147483647      8         20440       2438535565        2438547245        2438547245        2438556005            11680       
21        timeout         15          4               1         20440       2438535565        2438547245        2438537025        2438556005            11680       
22        rcv_ack         7           4               2         23360       2438537025        2438547245        2438539945        2438560385            10220       
23        rcv_ack         8           4               3         26280       2438538485        2438547245        2438542865        2438564765            8760        
24        rcv_ack         9           4               4         29200       2438539945        2438547245        2438545785        2438569145            7300        
25        rcv_ack         10          4               5         32120       2438541405        2438547245        2438548705        2438573525            5840        
26        snd_data        16          4               5         32120       2438541405        2438548705        2438548705        2438573525            7300        
27        rcv_ack         11          4               5         35040       2438542865        2438548705        2438550165        2438577905            5840        
28        snd_data        17          4               5         35040       2438542865        2438550165        2438550165        2438577905            7300        
29        rcv_ack         12          4               5         37960       2438544325        2438550165        2438551625        2438582285            5840        
30        snd_data        18          4               5         37960       2438544325        2438551625        2438551625        2438582285            7300        
31        rcv_ack         13          4               5         40880       2438545785        2438551625        2438553085        2438586665            5840        
32        snd_data        19          4               5         40880       2438545785        2438553085        2438553085        2438586665            7300        
33        rcv_ack         14          2               4         43800       2438547245        2438553085        2438553085        2438591045            5840        
34        rcv_ack         15          2               3         43800       2438547245        2438553085        2438551625        2438591045            5840        
35        rcv_ack         16          2               3         43800       2438547245        2438553085        2438551625        2438591045            5840        
35        timeout         19          2               1         43800       2438547245        2438553085        2438548705        2438591045            5840        
36        rcv_ack         17          2               1         43800       2438547245        2438553085        2438548705        2438591045            5840        
37        rcv_ack         18          2               1         43800       2438547245        2438553085        2438548705        2438591045            5840        
38        rcv_ack         19          2               1         43800       2438547245        2438553085        2438548705        2438591045            5840        
39        rcv_ack         20          2               1         43800       2438547245        2438553085        2438548705        2438591045            5840        
40        rcv_ack         21          2               1         43800       2438547245        2438553085        2438548705        2438591045            5840        
41        rcv_ack         22          2               1         43800       2438547245        2438553085        2438548705        2438591045            5840        
41        timeout         19          2               1         43800       2438547245        2438553085        2438548705        2438591045            5840        
42        rcv_ack         23          2               2         46720       2438548705        2438553085        2438551625        2438595425            4380        
43        rcv_ack         24          2               3         46720       2438550165        2438553085        2438554545        2438596885            2920        
44        snd_data        20          2               3         46720       2438550165        2438554545        2438554545        2438596885            4380        
45        rcv_ack         25          2               3         46720       2438551625        2438554545        2438556005        2438598345            2920        
46        snd_data        21          2               3         46720       2438551625        2438556005        2438556005        2438598345            4380        
47        rcv_ack         26          2               3         46720       2438553085        2438556005        2438557465        2438599805            2920        
48        snd_data        22          2               3         46720       2438553085        2438557465        2438557465        2438599805            4380        
49        rcv_ack         27          2               3         46720       2438553085        2438557465        2438557465        2438599805            4380        
49        timeout         22          2               1         46720       2438553085        2438557465        2438554545        2438599805            4380        
49        timeout         22          2               1         46720       2438553085        2438557465        2438554545        2438599805            4380        
49        timeout         22          2               1         46720       2438553085        2438557465        2438554545        2438599805            4380        
49        timeout         22          2               1         46720       2438553085        2438557465        2438554545        2438599805            4380        
49        timeout         22          2               1         46720       2438553085        2438557465        2438554545        2438599805            4380        
49        timeout         22          2               1         46720       2438553085        2438557465        2438554545        2438599805            4380        
49        timeout         22          2               1         46720       2438553085        2438557465        2438554545        2438599805            4380        
50        rcv_ack         28          2               2         46720       2438557465        2438557465        2438560385        2438604185            0           
51        snd_data        23          2               2         46720       2438557465        2438558925        2438560385        2438604185            1460        
52        snd_data        24          2               2         46720       2438557465        2438560385        2438560385        2438604185            2920        
53        rcv_ack         29          2               3         46720       2438558925        2438560385        2438563305        2438605645            1460        
54        snd_data        25          2               3         46720       2438558925        2438561845        2438563305        2438605645            2920        
55        snd_data        26          2               3         46720       2438558925        2438563305        2438563305        2438605645            4380        
56        rcv_ack         30          2               3         46720       2438560385        2438563305        2438564765        2438607105            2920        
57        snd_data        27          2               3         46720       2438560385        2438564765        2438564765        2438607105            4380        
58        rcv_ack         31          2               3         46720       2438561845        2438564765        2438566225        2438608565            2920        
59        snd_data        28          2               3         46720       2438561845        2438566225        2438566225        2438608565            4380        
60        rcv_ack         32          2               3         46720       2438563305        2438566225        2438567685        2438610025            2920        
61        snd_data        29          2               3         46720       2438563305        2438567685        2438567685        2438610025            4380        
62        rcv_ack         33          2               4         46720       2438564765        2438567685        2438570605        2438611485            2920        
63        snd_data        30          2               4         46720       2438564765        2438569145        2438570605        2438611485            4380        
64        snd_data        31          2               4         46720       2438564765        2438570605        2438570605        2438611485            5840        
65        rcv_ack         34          2               4         46720       2438566225        2438570605        2438572065        2438612945            4380        
66        snd_data        32          2               4         46720       2438566225        2438572065        2438572065        2438612945            5840        
67        rcv_ack         35          2               4         46720       2438567685        2438572065        2438573525        2438614405            4380        
68        snd_data        33          2               4         46720       2438567685        2438573525        2438573525        2438614405            5840        
69        rcv_ack         36          2               4         46720       2438569145        2438573525        2438574985        2438615865            4380        
70        snd_data        34          2               4         46720       2438569145        2438574985        2438574985        2438615865            5840        
71        rcv_ack         37          2               4         46720       2438570605        2438574985        2438576445        2438617325            4380        
72        snd_data        35          2               4         46720       2438570605        2438576445        2438576445        2438617325            5840        
73        rcv_ack         38          2               5         46720       2438572065        2438576445        2438579365        2438618785            4380        
74        snd_data        36          2               5         46720       2438572065        2438577905        2438579365        2438618785            5840        
75        snd_data        37          2               5         46720       2438572065        2438579365        2438579365        2438618785            7300        
76        rcv_ack         39          2               5         46720       2438573525        2438579365        2438580825        2438620245            5840        
77        snd_data        38          2               5         46720       2438573525        2438580825        2438580825        2438620245            7300        
78        rcv_ack         40          2               5         46720       2438574985        2438580825        2438582285        2438621705            5840        
79        snd_data        39          2               5         46720       2438574985        2438582285        2438582285        2438621705            7300        
80        rcv_ack         41          2               5         46720       2438576445        2438582285        2438583745        2438623165            5840        
81        snd_data        40          2               5         46720       2438576445        2438583745        2438583745        2438623165            7300        
82        rcv_ack         42          2               5         46720       2438577905        2438583745        2438585205        2438624625            5840        
83        snd_data        41          2               5         46720       2438577905        2438585205        2438585205        2438624625            7300        
84        rcv_ack         43          2               5         46720       2438579365        2438585205        2438586665        2438626085            5840        
85        snd_data        42          2               5         46720       2438579365        2438586665        2438586665        2438626085            7300        
86        rcv_ack         44          2               6         46720       2438580825        2438586665        2438589585        2438627545            5840        
87        snd_data        43          2               6         46720       2438580825        2438588125        2438589585        2438627545            7300        
88        snd_data        44          2               6         46720       2438580825        2438589585        2438589585        2438627545            8760        
89        rcv_ack         45          2               6         46720       2438582285        2438589585        2438591045        2438629005            7300        
90        snd_data        45          2               6         46720       2438582285        2438591045        2438591045        2438629005            8760        
91        rcv_ack         46          2               6         46720       2438583745        2438591045        2438592505        2438630465            7300        
92        snd_data        46          2               6         46720       2438583745        2438592505        2438592505        2438630465            8760        
93        rcv_ack         47          2               6         46720       2438585205        2438592505        2438593965        2438631925            7300        
94        snd_data        47          2               6         46720       2438585205        2438593965        2438593965        2438631925            8760        
95        rcv_ack         48          2               6         46720       2438586665        2438593965        2438595425        2438633385            7300        
96        snd_data        48          2               6         46720       2438586665        2438595425        2438595425        2438633385            8760        
97        rcv_ack         49          2               6         46720       2438588125        2438595425        2438596885        2438634845            7300        
98        snd_data        49          2               6         46720       2438588125        2438596885        2438596885        2438634845            8760        
99        rcv_ack         50          2               6         46720       2438589585        2438596885        2438598345        2438636305            7300        
100       snd_data        50          2               6         46720       2438589585        2438598345        2438598345        2438636305            8760        
101       rcv_ack         51          2               7         46720       2438591045        2438598345        2438601265        2438637765            7300        
102       snd_data        51          2               7         46720       2438591045        2438599805        2438601265        2438637765            8760        
103       snd_data        52          2               7         46720       2438591045        2438601265        2438601265        2438637765            10220       
104       rcv_ack         52          2               7         46720       2438592505        2438601265        2438602725        2438639225            8760        
105       snd_data        53          2               7         46720       2438592505        2438602725        2438602725        2438639225            10220       
106       rcv_ack         53          2               7         46720       2438593965        2438602725        2438604185        2438640685            8760        
107       snd_data        54          2               7         46720       2438593965        2438604185        2438604185        2438640685            10220       
108       rcv_ack         54          2               7         46720       2438596885        2438604185        2438607105        2438643605            7300        
109       snd_data        55          2               7         46720       2438596885        2438605645        2438607105        2438643605            8760        
110       snd_data        56          2               7         46720       2438596885        2438607105        2438607105        2438643605            10220       
111       rcv_ack         55          2               7         46720       2438599805        2438607105        2438610025        2438646525            7300        
112       snd_data        57          2               7         46720       2438599805        2438608565        2438610025        2438646525            8760        
113       snd_data        58          2               7         46720       2438599805        2438610025        2438610025        2438646525            10220       
114       rcv_ack         56          2               7         46720       2438602725        2438610025        2438612945        2438649445            7300        
115       snd_data        59          2               7         46720       2438602725        2438611485        2438612945        2438649445            8760        
116       snd_data        60          2               7         46720       2438602725        2438612945        2438612945        2438649445            10220       
117       rcv_ack         57          2               7         46720       2438604185        2438612945        2438614405        2438650905            8760        
118       snd_data        61          2               7         46720       2438604185        2438614405        2438614405        2438650905            10220       
119       rcv_ack         58          2               7         46720       2438607105        2438614405        2438617325        2438653825            7300        
120       snd_data        62          2               7         46720       2438607105        2438615865        2438617325        2438653825            8760        
121       snd_data        63          2               7         46720       2438607105        2438617325        2438617325        2438653825            10220       
122       rcv_ack         59          2               8         46720       2438610025        2438617325        2438621705        2438656745            7300        
123       snd_data        64          2               8         46720       2438610025        2438618785        2438621705        2438656745            8760        
124       snd_data        65          2               8         46720       2438610025        2438620245        2438621705        2438656745            10220       
125       snd_data        66          2               8         46720       2438610025        2438621705        2438621705        2438656745            11680       
126       rcv_ack         60          2               8         46720       2438612945        2438621705        2438624625        2438659665            8760        
127       snd_data        67          2               8         46720       2438612945        2438623165        2438624625        2438659665            10220       
128       snd_data        68          2               8         46720       2438612945        2438624625        2438624625        2438659665            11680       
129       rcv_ack         61          2               8         46720       2438615865        2438624625        2438627545        2438662585            8760        
130       snd_data        69          2               8         46720       2438615865        2438626085        2438627545        2438662585            10220       
131       snd_data        70          2               8         46720       2438615865        2438627545        2438627545        2438662585            11680       
132       rcv_ack         62          2               8         46720       2438618785        2438627545        2438630465        2438665505            8760        
133       snd_data        71          2               8         46720       2438618785        2438629005        2438630465        2438665505            10220       
134       snd_data        72          2               8         46720       2438618785        2438630465        2438630465        2438665505            11680       
135       rcv_ack         63          2               8         46720       2438621705        2438630465        2438633385        2438668425            8760        
136       snd_data        73          2               8         46720       2438621705        2438631925        2438633385        2438668425            10220       
137       snd_data        74          2               8         46720       2438621705        2438632433        2438633385        2438668425            10728       
138       rcv_ack         64          2               8         46720       2438624625        2438632433        2438636305        2438671345            7808        
139       rcv_ack         65          2               8         46720       2438627545        2438632433        2438639225        2438674265            4888        
140       rcv_ack         66          2               8         46720       2438630465        2438632433        2438642145        2438677185            1968        
141       rcv_ack         67          2               8         46720       2438632433        2438632433        2438644113        2438679153            0           
