Show TCP sender's some valuces about sndwnd:
pkt_seqno pkt_type        RorS_seqno  snd_ssthresh    snd_cwnd  rcv_wnd     snd_wnd_left      snd_wnd_pointer   snd_wnd_left+cwnd snd_wnd_left+rcv_wnd  snd_wnd_pointer-left
1         snd_con_syn     1           2147483647      2         0           326667532         326667533         326670452         326667532             1           
2         rcv_con_syn_ack 1           2147483647      2         5840        326667533         326667533         326670453         326673373             0           
3         snd_con_ack     2           2147483647      3         5840        326667533         326667533         326671913         326673373             0           
4         snd_data        3           2147483647      3         5840        326667533         326668933         326671913         326673373             1400        
5         snd_data        4           2147483647      3         5840        326667533         326670393         326671913         326673373             2860        
6         snd_data        5           2147483647      3         5840        326667533         326671853         326671913         326673373             4320        
7         rcv_ack         2           2147483647      4         8400        326668933         326671853         326674773         326677333             2920        
8         snd_data        6           2147483647      4         8400        326668933         326673313         326674773         326677333             4380        
9         snd_data        7           2147483647      4         8400        326668933         326674773         326674773         326677333             5840        
10        rcv_ack         3           2147483647      5         11680       326670393         326674773         326677693         326682073             4380        
11        snd_data        8           2147483647      5         11680       326670393         326676233         326677693         326682073             5840        
12        snd_data        9           2147483647      5         11680       326670393         326677693         326677693         326682073             7300        
13        rcv_ack         4           2147483647      6         14600       326671853         326677693         326680613         326686453             5840        
14        snd_data        10          2147483647      6         14600       326671853         326679153         326680613         326686453             7300        
15        snd_data        11          2147483647      6         14600       326671853         326680613         326680613         326686453             8760        
16        rcv_ack         5           2147483647      7         17520       326673313         326680613         326683533         326690833             7300        
17        snd_data        12          2147483647      7         17520       326673313         326682073         326683533         326690833             8760        
18        snd_data        13          2147483647      7         17520       326673313         326683533         326683533         326690833             10220       
19        rcv_ack         6           2147483647      8         20440       326674773         326683533         326686453         326695213             8760        
20        snd_data        14          2147483647      8         20440       326674773         326684993         326686453         326695213             10220       
21        snd_data        15          2147483647      8         20440       326674773         326686453         326686453         326695213             11680       
22        rcv_ack         7           2147483647      9         23360       326676233         326686453         326689373         326699593             10220       
23        snd_data        16          2147483647      9         23360       326676233         326687913         326689373         326699593             11680       
24        snd_data        17          2147483647      9         23360       326676233         326689373         326689373         326699593             13140       
25        rcv_ack         8           2147483647      10        26280       326677693         326689373         326692293         326703973             11680       
26        snd_data        18          2147483647      10        26280       326677693         326690833         326692293         326703973             13140       
27        snd_data        19          2147483647      10        26280       326677693         326692293         326692293         326703973             14600       
28        rcv_ack         9           2147483647      11        29200       326679153         326692293         326695213         326708353             13140       
29        snd_data        20          2147483647      11        29200       326679153         326693753         326695213         326708353             14600       
30        snd_data        21          2147483647      11        29200       326679153         326695213         326695213         326708353             16060       
31        rcv_ack         10          2147483647      12        32120       326680613         326695213         326698133         326712733             14600       
32        snd_data        22          2147483647      12        32120       326680613         326696673         326698133         326712733             16060       
33        snd_data        23          2147483647      12        32120       326680613         326698133         326698133         326712733             17520       
34        rcv_ack         11          2147483647      13        35040       326682073         326698133         326701053         326717113             16060       
35        snd_data        24          2147483647      13        35040       326682073         326699593         326701053         326717113             17520       
36        snd_data        25          2147483647      13        35040       326682073         326701053         326701053         326717113             18980       
37        rcv_ack         12          2147483647      14        37960       326683533         326701053         326703973         326721493             17520       
38        snd_data        26          2147483647      14        37960       326683533         326702513         326703973         326721493             18980       
39        snd_data        27          2147483647      14        37960       326683533         326703973         326703973         326721493             20440       
40        rcv_ack         13          2147483647      15        40880       326684993         326703973         326706893         326725873             18980       
41        snd_data        28          2147483647      15        40880       326684993         326705433         326706893         326725873             20440       
42        snd_data        29          2147483647      15        40880       326684993         326706893         326706893         326725873             21900       
43        rcv_ack         14          2147483647      16        43800       326686453         326706893         326709813         326730253             20440       
44        snd_data        30          2147483647      16        43800       326686453         326708353         326709813         326730253             21900       
45        snd_data        31          2147483647      16        43800       326686453         326709813         326709813         326730253             23360       
46        rcv_ack         15          2147483647      17        46720       326687913         326709813         326712733         326734633             21900       
47        snd_data        32          2147483647      17        46720       326687913         326711273         326712733         326734633             23360       
48        snd_data        33          2147483647      17        46720       326687913         326712733         326712733         326734633             24820       
49        rcv_ack         16          2147483647      18        46720       326689373         326712733         326715653         326736093             23360       
50        snd_data        34          2147483647      18        46720       326689373         326714193         326715653         326736093             24820       
51        snd_data        35          2147483647      18        46720       326689373         326715653         326715653         326736093             26280       
52        rcv_ack         17          2147483647      19        46720       326690833         326715653         326718573         326737553             24820       
53        snd_data        36          2147483647      19        46720       326690833         326717113         326718573         326737553             26280       
54        snd_data        37          2147483647      19        46720       326690833         326718573         326718573         326737553             27740       
55        rcv_ack         18          2147483647      20        46720       326692293         326718573         326721493         326739013             26280       
56        snd_data        38          2147483647      20        46720       326692293         326720033         326721493         326739013             27740       
57        snd_data        39          2147483647      20        46720       326692293         326721493         326721493         326739013             29200       
58        rcv_ack         19          2147483647      21        46720       326695213         326721493         326725873         326741933             26280       
59        snd_data        40          2147483647      21        46720       326695213         326722953         326725873         326741933             27740       
60        snd_data        41          2147483647      21        46720       326695213         326724413         326725873         326741933             29200       
61        snd_data        42          2147483647      21        46720       326695213         326725873         326725873         326741933             30660       
62        rcv_ack         20          2147483647      22        46720       326698133         326725873         326730253         326744853             27740       
63        snd_data        43          2147483647      22        46720       326698133         326727333         326730253         326744853             29200       
64        snd_data        44          2147483647      22        46720       326698133         326728793         326730253         326744853             30660       
65        snd_data        45          2147483647      22        46720       326698133         326730253         326730253         326744853             32120       
66        rcv_ack         21          2147483647      23        46720       326701053         326730253         326734633         326747773             29200       
67        snd_data        46          2147483647      23        46720       326701053         326731713         326734633         326747773             30660       
68        snd_data        47          2147483647      23        46720       326701053         326733173         326734633         326747773             32120       
69        snd_data        48          2147483647      23        46720       326701053         326734633         326734633         326747773             33580       
70        rcv_ack         22          2147483647      24        46720       326703973         326734633         326739013         326750693             30660       
71        snd_data        49          2147483647      24        46720       326703973         326736093         326739013         326750693             32120       
72        snd_data        50          2147483647      24        46720       326703973         326737553         326739013         326750693             33580       
73        snd_data        51          2147483647      24        46720       326703973         326739013         326739013         326750693             35040       
74        rcv_ack         23          2147483647      25        46720       326706893         326739013         326743393         326753613             32120       
75        snd_data        52          2147483647      25        46720       326706893         326740473         326743393         326753613             33580       
76        snd_data        53          2147483647      25        46720       326706893         326741933         326743393         326753613             35040       
77        snd_data        54          2147483647      25        46720       326706893         326743393         326743393         326753613             36500       
78        rcv_ack         24          2147483647      26        46720       326709813         326743393         326747773         326756533             33580       
79        snd_data        55          2147483647      26        46720       326709813         326744853         326747773         326756533             35040       
80        snd_data        56          2147483647      26        46720       326709813         326746313         326747773         326756533             36500       
81        snd_data        57          2147483647      26        46720       326709813         326747773         326747773         326756533             37960       
82        rcv_ack         25          2147483647      27        46720       326712733         326747773         326752153         326759453             35040       
83        snd_data        58          2147483647      27        46720       326712733         326749233         326752153         326759453             36500       
84        snd_data        59          2147483647      27        46720       326712733         326750693         326752153         326759453             37960       
85        snd_data        60          2147483647      27        46720       326712733         326752153         326752153         326759453             39420       
86        rcv_ack         26          2147483647      28        46720       326715653         326752153         326756533         326762373             36500       
87        snd_data        61          2147483647      28        46720       326715653         326753613         326756533         326762373             37960       
88        snd_data        62          2147483647      28        46720       326715653         326755073         326756533         326762373             39420       
89        snd_data        63          2147483647      28        46720       326715653         326756533         326756533         326762373             40880       
90        rcv_ack         27          2147483647      29        46720       326718573         326756533         326760913         326765293             37960       
91        snd_data        64          2147483647      29        46720       326718573         326757993         326760913         326765293             39420       
92        rcv_ack         28          2147483647      30        46720       326721493         326757993         326765293         326768213             36500       
93        rcv_ack         29          2147483647      30        46720       326724413         326757993         326768213         326771133             33580       
94        rcv_ack         30          2147483647      30        46720       326727333         326757993         326771133         326774053             30660       
95        rcv_ack         31          2147483647      30        46720       326730253         326757993         326774053         326776973             27740       
96        rcv_ack         32          2147483647      30        46720       326733173         326757993         326776973         326779893             24820       
97        rcv_ack         33          2147483647      30        46720       326736093         326757993         326779893         326782813             21900       
98        rcv_ack         34          2147483647      30        46720       326739013         326757993         326782813         326785733             18980       
99        rcv_ack         35          2147483647      30        46720       326741933         326757993         326785733         326788653             16060       
100       snd_data        65          2147483647      30        46720       326741933         326758533         326785733         326788653             16600       
101       rcv_ack         36          2147483647      30        46720       326744853         326758533         326788653         326791573             13680       
102       rcv_ack         37          2147483647      30        46720       326747773         326758533         326791573         326794493             10760       
103       snd_data        66          2147483647      30        46720       326747773         326759993         326791573         326794493             12220       
104       rcv_ack         38          2147483647      30        46720       326750693         326759993         326794493         326797413             9300        
105       snd_data        67          2147483647      30        46720       326750693         326761453         326794493         326797413             10760       
106       snd_data        68          2147483647      30        46720       326750693         326762913         326794493         326797413             12220       
107       rcv_ack         39          2147483647      30        46720       326753613         326762913         326797413         326800333             9300        
108       rcv_ack         40          2147483647      30        46720       326756533         326762913         326800333         326803253             6380        
109       rcv_ack         41          2147483647      30        46720       326758533         326762913         326802333         326805253             4380        
110       snd_data        69          2147483647      30        46720       326758533         326764133         326802333         326805253             5600        
111       snd_data        70          2147483647      30        46720       326758533         326765593         326802333         326805253             7060        
112       snd_data        71          2147483647      30        46720       326758533         326767053         326802333         326805253             8520        
113       snd_data        72          2147483647      30        46720       326758533         326768513         326802333         326805253             9980        
114       snd_data        73          2147483647      30        46720       326758533         326769973         326802333         326805253             11440       
115       snd_data        74          2147483647      30        46720       326758533         326771433         326802333         326805253             12900       
116       snd_data        75          2147483647      30        46720       326758533         326772893         326802333         326805253             14360       
117       snd_data        76          2147483647      30        46720       326758533         326774353         326802333         326805253             15820       
118       snd_data        77          2147483647      30        46720       326758533         326775813         326802333         326805253             17280       
119       rcv_ack         42          2147483647      30        46720       326761453         326775813         326805253         326808173             14360       
120       snd_data        78          2147483647      30        46720       326761453         326777273         326805253         326808173             15820       
121       snd_data        79          2147483647      30        46720       326761453         326778733         326805253         326808173             17280       
122       snd_data        80          2147483647      30        46720       326761453         326780193         326805253         326808173             18740       
123       snd_data        81          2147483647      30        46720       326761453         326781653         326805253         326808173             20200       
124       snd_data        82          2147483647      30        46720       326761453         326783113         326805253         326808173             21660       
125       rcv_ack         43          2147483647      30        46720       326764133         326783113         326807933         326810853             18980       
126       snd_data        83          2147483647      30        46720       326764133         326783733         326807933         326810853             19600       
127       snd_data        84          2147483647      30        46720       326764133         326785193         326807933         326810853             21060       
128       snd_data        85          2147483647      30        46720       326764133         326786653         326807933         326810853             22520       
129       snd_data        86          2147483647      30        46720       326764133         326788113         326807933         326810853             23980       
130       snd_data        87          2147483647      30        46720       326764133         326789573         326807933         326810853             25440       
131       rcv_ack         44          2147483647      30        46720       326767053         326789573         326810853         326813773             22520       
132       rcv_ack         45          2147483647      30        46720       326769973         326789573         326813773         326816693             19600       
133       snd_data        88          2147483647      30        46720       326769973         326791033         326813773         326816693             21060       
134       snd_data        89          2147483647      30        46720       326769973         326792493         326813773         326816693             22520       
135       snd_data        90          2147483647      30        46720       326769973         326793953         326813773         326816693             23980       
136       snd_data        91          2147483647      30        46720       326769973         326795413         326813773         326816693             25440       
137       rcv_ack         46          2147483647      30        46720       326772893         326795413         326816693         326819613             22520       
138       rcv_ack         47          2147483647      30        46720       326775813         326795413         326819613         326822533             19600       
139       snd_data        92          2147483647      30        46720       326775813         326796873         326819613         326822533             21060       
140       snd_data        93          2147483647      30        46720       326775813         326798333         326819613         326822533             22520       
141       snd_data        94          2147483647      30        46720       326775813         326799793         326819613         326822533             23980       
142       rcv_ack         48          2147483647      30        46720       326778733         326799793         326822533         326825453             21060       
143       rcv_ack         49          2147483647      30        46720       326781653         326799793         326825453         326828373             18140       
144       snd_data        95          2147483647      30        46720       326781653         326801253         326825453         326828373             19600       
145       snd_data        96          2147483647      30        46720       326781653         326802713         326825453         326828373             21060       
146       snd_data        97          2147483647      30        46720       326781653         326804173         326825453         326828373             22520       
147       snd_data        98          2147483647      30        46720       326781653         326805633         326825453         326828373             23980       
148       snd_data        99          2147483647      30        46720       326781653         326807093         326825453         326828373             25440       
149       rcv_ack         50          2147483647      30        46720       326783733         326807093         326827533         326830453             23360       
150       snd_data        100         2147483647      30        46720       326783733         326807533         326827533         326830453             23800       
151       rcv_ack         51          2147483647      30        46720       326786653         326807533         326830453         326833373             20880       
152       snd_data        101         2147483647      30        46720       326786653         326808993         326830453         326833373             22340       
153       snd_data        102         2147483647      30        46720       326786653         326810453         326830453         326833373             23800       
154       snd_data        103         2147483647      30        46720       326786653         326811913         326830453         326833373             25260       
155       snd_data        104         2147483647      30        46720       326786653         326813373         326830453         326833373             26720       
156       snd_data        105         2147483647      30        46720       326786653         326814833         326830453         326833373             28180       
157       snd_data        106         2147483647      30        46720       326786653         326816293         326830453         326833373             29640       
158       snd_data        107         2147483647      30        46720       326786653         326817753         326830453         326833373             31100       
159       snd_data        108         2147483647      30        46720       326786653         326819213         326830453         326833373             32560       
160       snd_data        109         2147483647      30        46720       326786653         326820673         326830453         326833373             34020       
161       snd_data        110         2147483647      30        46720       326786653         326822133         326830453         326833373             35480       
162       snd_data        111         2147483647      30        46720       326786653         326823593         326830453         326833373             36940       
163       snd_data        112         2147483647      30        46720       326786653         326825053         326830453         326833373             38400       
164       snd_data        113         2147483647      30        46720       326786653         326826513         326830453         326833373             39860       
165       snd_data        114         2147483647      30        46720       326786653         326827973         326830453         326833373             41320       
166       snd_data        115         2147483647      30        46720       326786653         326829433         326830453         326833373             42780       
167       rcv_ack         52          2147483647      31        7300        326829433         326829433         326874693         326836733             0           
168       snd_data        116         2147483647      31        7300        326829433         326830893         326874693         326836733             1460        
169       snd_data        117         2147483647      31        7300        326829433         326832353         326874693         326836733             2920        
170       snd_data        118         2147483647      31        7300        326829433         326833813         326874693         326836733             4380        
171       snd_data        119         2147483647      31        7300        326829433         326835273         326874693         326836733             5840        
172       snd_data        120         2147483647      31        7300        326829433         326836733         326874693         326836733             7300        
173       rcv_ack         53          2147483647      31        1460        326836733         326836733         326881993         326838193             0           
174       snd_data        121         2147483647      31        1460        326836733         326838193         326881993         326838193             1460        
175       rcv_ack         54          2147483647      31        0           326838193         326838193         326883453         326838193             0           
176       rcv_ack         55          2147483647      31        0           326838193         326838193         326883453         326838193             0           
177       rcv_ack         56          2147483647      31        0           326838193         326838193         326883453         326838193             0           
178       rcv_ack         57          2147483647      31        0           326838193         326838193         326883453         326838193             0           
179       rcv_ack         58          2147483647      31        0           326838193         326838193         326883453         326838193             0           
180       rcv_ack         59          2147483647      31        1460        326838193         326838193         326883453         326839653             0           
181       snd_data        122         2147483647      3         1460        326838193         326839653         326842573         326839653             1460        
182       rcv_ack         60          2147483647      3         2920        326838193         326839653         326842573         326841113             1460        
183       snd_data        123         2147483647      3         2920        326838193         326841113         326842573         326841113             2920        
184       rcv_ack         61          2147483647      3         5840        326838193         326841113         326842573         326844033             2920        
185       snd_data        124         2147483647      3         5840        326838193         326842573         326842573         326844033             4380        
186       rcv_ack         62          2147483647      3         11680       326838193         326842573         326842573         326849873             4380        
187       rcv_ack         63          2147483647      4         10220       326839653         326842573         326845493         326849873             2920        
188       snd_data        125         2147483647      4         10220       326839653         326844033         326845493         326849873             4380        
189       snd_data        126         2147483647      4         10220       326839653         326845493         326845493         326849873             5840        
190       rcv_ack         64          2147483647      5         5840        326845493         326845493         326852793         326851333             0           
191       snd_data        127         2147483647      5         5840        326845493         326846953         326852793         326851333             1460        
192       snd_data        128         2147483647      5         5840        326845493         326848413         326852793         326851333             2920        
193       snd_data        129         2147483647      5         5840        326845493         326849873         326852793         326851333             4380        
194       snd_data        130         2147483647      5         5840        326845493         326851333         326852793         326851333             5840        
195       rcv_ack         65          2147483647      6         1460        326851333         326851333         326860093         326852793             0           
196       snd_data        131         2147483647      6         1460        326851333         326852793         326860093         326852793             1460        
197       rcv_ack         66          2147483647      6         0           326852793         326852793         326861553         326852793             0           
198       rcv_ack         67          2147483647      6         0           326852793         326852793         326861553         326852793             0           
199       rcv_ack         68          2147483647      6         0           326852793         326852793         326861553         326852793             0           
200       rcv_ack         69          2147483647      6         0           326852793         326852793         326861553         326852793             0           
201       rcv_ack         70          2147483647      6         0           326852793         326852793         326861553         326852793             0           
202       rcv_ack         71          2147483647      6         1460        326852793         326852793         326861553         326854253             0           
203       snd_data        132         2147483647      3         1460        326852793         326854253         326857173         326854253             1460        
204       rcv_ack         72          2147483647      3         2920        326852793         326854253         326857173         326855713             1460        
205       snd_data        133         2147483647      3         2920        326852793         326855713         326857173         326855713             2920        
206       rcv_ack         73          2147483647      3         5840        326852793         326855713         326857173         326858633             2920        
207       snd_data        134         2147483647      3         5840        326852793         326857173         326857173         326858633             4380        
208       rcv_ack         74          2147483647      3         11680       326852793         326857173         326857173         326864473             4380        
209       rcv_ack         75          2147483647      4         11680       326854253         326857173         326860093         326865933             2920        
210       snd_data        135         2147483647      4         11680       326854253         326858633         326860093         326865933             4380        
211       snd_data        136         2147483647      4         11680       326854253         326860093         326860093         326865933             5840        
212       rcv_ack         76          2147483647      5         5840        326860093         326860093         326867393         326865933             0           
213       snd_data        137         2147483647      5         5840        326860093         326861553         326867393         326865933             1460        
214       snd_data        138         2147483647      5         5840        326860093         326863013         326867393         326865933             2920        
215       snd_data        139         2147483647      5         5840        326860093         326864473         326867393         326865933             4380        
216       snd_data        140         2147483647      5         5840        326860093         326865933         326867393         326865933             5840        
217       rcv_ack         77          2147483647      6         1460        326865933         326865933         326874693         326867393             0           
218       snd_data        141         2147483647      6         1460        326865933         326867393         326874693         326867393             1460        
219       rcv_ack         78          2147483647      6         0           326867393         326867393         326876153         326867393             0           
220       rcv_ack         79          2147483647      6         0           326867393         326867393         326876153         326867393             0           
221       rcv_ack         80          2147483647      6         0           326867393         326867393         326876153         326867393             0           
222       rcv_ack         81          2147483647      6         0           326867393         326867393         326876153         326867393             0           
223       rcv_ack         82          2147483647      6         0           326867393         326867393         326876153         326867393             0           
224       rcv_ack         83          2147483647      6         1460        326867393         326867393         326876153         326868853             0           
225       snd_data        142         2147483647      3         1460        326867393         326868853         326871773         326868853             1460        
226       rcv_ack         84          2147483647      3         2920        326867393         326868853         326871773         326870313             1460        
227       snd_data        143         2147483647      3         2920        326867393         326870313         326871773         326870313             2920        
228       rcv_ack         85          2147483647      3         5840        326867393         326870313         326871773         326873233             2920        
229       snd_data        144         2147483647      3         5840        326867393         326871773         326871773         326873233             4380        
230       rcv_ack         86          2147483647      3         11680       326867393         326871773         326871773         326879073             4380        
231       rcv_ack         87          2147483647      4         10220       326868853         326871773         326874693         326879073             2920        
232       snd_data        145         2147483647      4         10220       326868853         326873233         326874693         326879073             4380        
233       snd_data        146         2147483647      4         10220       326868853         326874693         326874693         326879073             5840        
234       rcv_ack         88          2147483647      5         4380        326874693         326874693         326881993         326879073             0           
235       snd_data        147         2147483647      5         4380        326874693         326876153         326881993         326879073             1460        
236       snd_data        148         2147483647      5         4380        326874693         326877613         326881993         326879073             2920        
237       snd_data        149         2147483647      5         4380        326874693         326879073         326881993         326879073             4380        
238       rcv_ack         89          2147483647      6         1460        326879073         326879073         326887833         326880533             0           
239       snd_data        150         2147483647      6         1460        326879073         326880533         326887833         326880533             1460        
240       rcv_ack         90          2147483647      6         0           326880533         326880533         326889293         326880533             0           
241       rcv_ack         91          2147483647      6         0           326880533         326880533         326889293         326880533             0           
242       rcv_ack         92          2147483647      6         0           326880533         326880533         326889293         326880533             0           
243       rcv_ack         93          2147483647      6         0           326880533         326880533         326889293         326880533             0           
244       rcv_ack         94          2147483647      6         0           326880533         326880533         326889293         326880533             0           
245       rcv_ack         95          2147483647      6         1460        326880533         326880533         326889293         326881993             0           
246       snd_data        151         2147483647      3         1460        326880533         326881993         326884913         326881993             1460        
247       rcv_ack         96          2147483647      3         2920        326880533         326881993         326884913         326883453             1460        
248       snd_data        152         2147483647      3         2920        326880533         326883453         326884913         326883453             2920        
249       rcv_ack         97          2147483647      3         5840        326880533         326883453         326884913         326886373             2920        
250       snd_data        153         2147483647      3         5840        326880533         326884913         326884913         326886373             4380        
251       rcv_ack         98          2147483647      3         11680       326880533         326884913         326884913         326892213             4380        
252       rcv_ack         99          2147483647      4         11680       326881993         326884913         326887833         326893673             2920        
253       snd_data        154         2147483647      4         11680       326881993         326886373         326887833         326893673             4380        
254       snd_data        155         2147483647      4         11680       326881993         326887833         326887833         326893673             5840        
255       rcv_ack         100         2147483647      5         5840        326887833         326887833         326895133         326893673             0           
256       snd_data        156         2147483647      5         5840        326887833         326889293         326895133         326893673             1460        
257       snd_data        157         2147483647      5         5840        326887833         326890753         326895133         326893673             2920        
258       snd_data        158         2147483647      5         5840        326887833         326892213         326895133         326893673             4380        
259       snd_data        159         2147483647      5         5840        326887833         326893673         326895133         326893673             5840        
260       rcv_ack         101         2147483647      6         1460        326893673         326893673         326902433         326895133             0           
261       snd_data        160         2147483647      6         1460        326893673         326895133         326902433         326895133             1460        
262       rcv_ack         102         2147483647      6         0           326895133         326895133         326903893         326895133             0           
263       rcv_ack         103         2147483647      6         0           326895133         326895133         326903893         326895133             0           
264       rcv_ack         104         2147483647      6         0           326895133         326895133         326903893         326895133             0           
265       rcv_ack         105         2147483647      6         0           326895133         326895133         326903893         326895133             0           
266       rcv_ack         106         2147483647      6         0           326895133         326895133         326903893         326895133             0           
267       rcv_ack         107         2147483647      6         1460        326895133         326895133         326903893         326896593             0           
268       snd_data        161         2147483647      3         1460        326895133         326896593         326899513         326896593             1460        
269       rcv_ack         108         2147483647      3         2920        326895133         326896593         326899513         326898053             1460        
270       snd_data        162         2147483647      3         2920        326895133         326898053         326899513         326898053             2920        
271       rcv_ack         109         2147483647      3         5840        326895133         326898053         326899513         326900973             2920        
272       snd_data        163         2147483647      3         5840        326895133         326899513         326899513         326900973             4380        
273       rcv_ack         110         2147483647      3         11680       326895133         326899513         326899513         326906813             4380        
274       rcv_ack         111         2147483647      4         10220       326896593         326899513         326902433         326906813             2920        
275       snd_data        164         2147483647      4         10220       326896593         326900973         326902433         326906813             4380        
276       snd_data        165         2147483647      4         10220       326896593         326902433         326902433         326906813             5840        
277       rcv_ack         112         2147483647      5         4380        326902433         326902433         326909733         326906813             0           
278       snd_data        166         2147483647      5         4380        326902433         326903893         326909733         326906813             1460        
279       snd_data        167         2147483647      5         4380        326902433         326905353         326909733         326906813             2920        
280       snd_data        168         2147483647      5         4380        326902433         326906813         326909733         326906813             4380        
281       rcv_ack         113         2147483647      6         1460        326906813         326906813         326915573         326908273             0           
282       snd_data        169         2147483647      6         1460        326906813         326908273         326915573         326908273             1460        
283       rcv_ack         114         2147483647      6         0           326908273         326908273         326917033         326908273             0           
284       rcv_ack         115         2147483647      6         0           326908273         326908273         326917033         326908273             0           
285       rcv_ack         116         2147483647      6         0           326908273         326908273         326917033         326908273             0           
286       rcv_ack         117         2147483647      6         0           326908273         326908273         326917033         326908273             0           
287       rcv_ack         118         2147483647      6         0           326908273         326908273         326917033         326908273             0           
288       rcv_ack         119         2147483647      6         1460        326908273         326908273         326917033         326909733             0           
289       snd_data        170         2147483647      3         1460        326908273         326909733         326912653         326909733             1460        
290       rcv_ack         120         2147483647      3         2920        326908273         326909733         326912653         326911193             1460        
291       snd_data        171         2147483647      3         2920        326908273         326911193         326912653         326911193             2920        
292       rcv_ack         121         2147483647      3         5840        326908273         326911193         326912653         326914113             2920        
293       snd_data        172         2147483647      3         5840        326908273         326912653         326912653         326914113             4380        
294       rcv_ack         122         2147483647      4         8760        326909733         326912653         326915573         326918493             2920        
295       snd_data        173         2147483647      4         8760        326909733         326914113         326915573         326918493             4380        
296       snd_data        174         2147483647      4         8760        326909733         326915573         326915573         326918493             5840        
297       rcv_ack         123         2147483647      5         7300        326912653         326915573         326919953         326919953             2920        
298       snd_data        175         2147483647      5         7300        326912653         326917033         326919953         326919953             4380        
299       snd_data        176         2147483647      5         7300        326912653         326918493         326919953         326919953             5840        
300       snd_data        177         2147483647      5         7300        326912653         326919953         326919953         326919953             7300        
301       rcv_ack         124         2147483647      6         4380        326917033         326919953         326925793         326921413             2920        
302       snd_data        178         2147483647      6         4380        326917033         326921413         326925793         326921413             4380        
303       rcv_ack         125         2147483647      7         2920        326919953         326921413         326930173         326922873             1460        
304       snd_data        179         2147483647      7         2920        326919953         326922873         326930173         326922873             2920        
305       rcv_ack         126         2147483647      7         1460        326922873         326922873         326933093         326924333             0           
306       snd_data        180         2147483647      7         1460        326922873         326924333         326933093         326924333             1460        
307       rcv_ack         127         2147483647      7         0           326924333         326924333         326934553         326924333             0           
308       rcv_ack         128         2147483647      7         0           326924333         326924333         326934553         326924333             0           
309       rcv_ack         129         2147483647      7         0           326924333         326924333         326934553         326924333             0           
310       rcv_ack         130         2147483647      7         0           326924333         326924333         326934553         326924333             0           
311       rcv_ack         131         2147483647      7         0           326924333         326924333         326934553         326924333             0           
312       rcv_ack         132         2147483647      7         1460        326924333         326924333         326934553         326925793             0           
313       snd_data        181         2147483647      3         1460        326924333         326925793         326928713         326925793             1460        
314       rcv_ack         133         2147483647      3         2920        326924333         326925793         326928713         326927253             1460        
315       snd_data        182         2147483647      3         2920        326924333         326927253         326928713         326927253             2920        
316       rcv_ack         134         2147483647      3         5840        326924333         326927253         326928713         326930173             2920        
317       snd_data        183         2147483647      3         5840        326924333         326928713         326928713         326930173             4380        
318       rcv_ack         135         2147483647      3         11680       326924333         326928713         326928713         326936013             4380        
319       rcv_ack         136         2147483647      4         10220       326925793         326928713         326931633         326936013             2920        
320       snd_data        184         2147483647      4         10220       326925793         326930173         326931633         326936013             4380        
321       snd_data        185         2147483647      4         10220       326925793         326931633         326931633         326936013             5840        
322       rcv_ack         137         2147483647      5         4380        326931633         326931633         326938933         326936013             0           
323       snd_data        186         2147483647      5         4380        326931633         326933093         326938933         326936013             1460        
324       snd_data        187         2147483647      5         4380        326931633         326934553         326938933         326936013             2920        
325       snd_data        188         2147483647      5         4380        326931633         326936013         326938933         326936013             4380        
326       rcv_ack         138         2147483647      6         1460        326936013         326936013         326944773         326937473             0           
327       snd_data        189         2147483647      6         1460        326936013         326937473         326944773         326937473             1460        
328       rcv_ack         139         2147483647      6         0           326937473         326937473         326946233         326937473             0           
329       rcv_ack         140         2147483647      6         0           326937473         326937473         326946233         326937473             0           
330       rcv_ack         141         2147483647      6         0           326937473         326937473         326946233         326937473             0           
331       rcv_ack         142         2147483647      6         0           326937473         326937473         326946233         326937473             0           
332       rcv_ack         143         2147483647      6         0           326937473         326937473         326946233         326937473             0           
333       rcv_ack         144         2147483647      6         1460        326937473         326937473         326946233         326938933             0           
334       snd_data        190         2147483647      3         1460        326937473         326938933         326941853         326938933             1460        
335       rcv_ack         145         2147483647      3         2920        326937473         326938933         326941853         326940393             1460        
336       snd_data        191         2147483647      3         2920        326937473         326940393         326941853         326940393             2920        
337       rcv_ack         146         2147483647      3         7300        326937473         326940393         326941853         326944773             2920        
338       snd_data        192         2147483647      3         7300        326937473         326941853         326941853         326944773             4380        
339       rcv_ack         147         2147483647      4         11680       326938933         326941853         326944773         326950613             2920        
340       snd_data        193         2147483647      4         11680       326938933         326943313         326944773         326950613             4380        
341       snd_data        194         2147483647      4         11680       326938933         326944773         326944773         326950613             5840        
342       rcv_ack         148         2147483647      5         5840        326944773         326944773         326952073         326950613             0           
343       snd_data        195         2147483647      5         5840        326944773         326946233         326952073         326950613             1460        
344       snd_data        196         2147483647      5         5840        326944773         326947693         326952073         326950613             2920        
345       snd_data        197         2147483647      5         5840        326944773         326949153         326952073         326950613             4380        
346       snd_data        198         2147483647      5         5840        326944773         326950613         326952073         326950613             5840        
347       rcv_ack         149         2147483647      6         1460        326950613         326950613         326959373         326952073             0           
348       snd_data        199         2147483647      6         1460        326950613         326952073         326959373         326952073             1460        
349       rcv_ack         150         2147483647      6         0           326952073         326952073         326960833         326952073             0           
350       rcv_ack         151         2147483647      6         0           326952073         326952073         326960833         326952073             0           
351       rcv_ack         152         2147483647      6         0           326952073         326952073         326960833         326952073             0           
352       rcv_ack         153         2147483647      6         0           326952073         326952073         326960833         326952073             0           
353       rcv_ack         154         2147483647      6         0           326952073         326952073         326960833         326952073             0           
354       rcv_ack         155         2147483647      6         1460        326952073         326952073         326960833         326953533             0           
355       snd_data        200         2147483647      3         1460        326952073         326953533         326956453         326953533             1460        
356       rcv_ack         156         2147483647      3         2920        326952073         326953533         326956453         326954993             1460        
357       snd_data        201         2147483647      3         2920        326952073         326954993         326956453         326954993             2920        
358       rcv_ack         157         2147483647      3         5840        326952073         326954993         326956453         326957913             2920        
359       snd_data        202         2147483647      3         5840        326952073         326956453         326956453         326957913             4380        
360       rcv_ack         158         2147483647      3         11680       326952073         326956453         326956453         326963753             4380        
361       rcv_ack         159         2147483647      4         11680       326953533         326956453         326959373         326965213             2920        
362       snd_data        203         2147483647      4         11680       326953533         326957913         326959373         326965213             4380        
363       snd_data        204         2147483647      4         11680       326953533         326959373         326959373         326965213             5840        
364       rcv_ack         160         2147483647      5         5840        326959373         326959373         326966673         326965213             0           
365       snd_data        205         2147483647      5         5840        326959373         326960833         326966673         326965213             1460        
366       snd_data        206         2147483647      5         5840        326959373         326962293         326966673         326965213             2920        
367       snd_data        207         2147483647      5         5840        326959373         326963753         326966673         326965213             4380        
368       snd_data        208         2147483647      5         5840        326959373         326965213         326966673         326965213             5840        
369       rcv_ack         161         2147483647      6         1460        326965213         326965213         326973973         326966673             0           
370       snd_data        209         2147483647      6         1460        326965213         326966673         326973973         326966673             1460        
371       rcv_ack         162         2147483647      6         0           326966673         326966673         326975433         326966673             0           
372       rcv_ack         163         2147483647      6         0           326966673         326966673         326975433         326966673             0           
373       rcv_ack         164         2147483647      6         0           326966673         326966673         326975433         326966673             0           
374       rcv_ack         165         2147483647      6         0           326966673         326966673         326975433         326966673             0           
375       rcv_ack         166         2147483647      6         0           326966673         326966673         326975433         326966673             0           
376       rcv_ack         167         2147483647      6         1460        326966673         326966673         326975433         326968133             0           
377       snd_data        210         2147483647      3         1460        326966673         326968133         326971053         326968133             1460        
378       rcv_ack         168         2147483647      3         2920        326966673         326968133         326971053         326969593             1460        
379       snd_data        211         2147483647      3         2920        326966673         326969593         326971053         326969593             2920        
380       rcv_ack         169         2147483647      3         5840        326966673         326969593         326971053         326972513             2920        
381       snd_data        212         2147483647      3         5840        326966673         326971053         326971053         326972513             4380        
382       rcv_ack         170         2147483647      3         11680       326966673         326971053         326971053         326978353             4380        
383       rcv_ack         171         2147483647      4         10220       326968133         326971053         326973973         326978353             2920        
384       snd_data        213         2147483647      4         10220       326968133         326972513         326973973         326978353             4380        
385       snd_data        214         2147483647      4         10220       326968133         326973973         326973973         326978353             5840        
386       rcv_ack         172         2147483647      5         5840        326973973         326973973         326981273         326979813             0           
387       snd_data        215         2147483647      5         5840        326973973         326975433         326981273         326979813             1460        
388       snd_data        216         2147483647      5         5840        326973973         326976893         326981273         326979813             2920        
389       snd_data        217         2147483647      5         5840        326973973         326978353         326981273         326979813             4380        
390       snd_data        218         2147483647      5         5840        326973973         326979813         326981273         326979813             5840        
391       rcv_ack         173         2147483647      6         1460        326979813         326979813         326988573         326981273             0           
392       snd_data        219         2147483647      6         1460        326979813         326981273         326988573         326981273             1460        
393       rcv_ack         174         2147483647      6         0           326981273         326981273         326990033         326981273             0           
394       rcv_ack         175         2147483647      6         0           326981273         326981273         326990033         326981273             0           
395       rcv_ack         176         2147483647      6         0           326981273         326981273         326990033         326981273             0           
396       rcv_ack         177         2147483647      6         0           326981273         326981273         326990033         326981273             0           
397       rcv_ack         178         2147483647      6         0           326981273         326981273         326990033         326981273             0           
398       rcv_ack         179         2147483647      6         1460        326981273         326981273         326990033         326982733             0           
399       snd_data        220         2147483647      3         1460        326981273         326982733         326985653         326982733             1460        
400       rcv_ack         180         2147483647      3         2920        326981273         326982733         326985653         326984193             1460        
401       snd_data        221         2147483647      3         2920        326981273         326984193         326985653         326984193             2920        
402       rcv_ack         181         2147483647      3         5840        326981273         326984193         326985653         326987113             2920        
403       snd_data        222         2147483647      3         5840        326981273         326985653         326985653         326987113             4380        
404       rcv_ack         182         2147483647      3         11680       326981273         326985653         326985653         326992953             4380        
405       rcv_ack         183         2147483647      4         11680       326982733         326985653         326988573         326994413             2920        
406       snd_data        223         2147483647      4         11680       326982733         326987113         326988573         326994413             4380        
407       snd_data        224         2147483647      4         11680       326982733         326988573         326988573         326994413             5840        
408       rcv_ack         184         2147483647      5         5840        326988573         326988573         326995873         326994413             0           
409       snd_data        225         2147483647      5         5840        326988573         326990033         326995873         326994413             1460        
410       snd_data        226         2147483647      5         5840        326988573         326991493         326995873         326994413             2920        
411       snd_data        227         2147483647      5         5840        326988573         326992953         326995873         326994413             4380        
412       snd_data        228         2147483647      5         5840        326988573         326994413         326995873         326994413             5840        
413       rcv_ack         185         2147483647      6         1460        326994413         326994413         327003173         326995873             0           
414       snd_data        229         2147483647      6         1460        326994413         326995873         327003173         326995873             1460        
415       rcv_ack         186         2147483647      6         0           326995873         326995873         327004633         326995873             0           
416       rcv_ack         187         2147483647      6         0           326995873         326995873         327004633         326995873             0           
417       rcv_ack         188         2147483647      6         0           326995873         326995873         327004633         326995873             0           
418       rcv_ack         189         2147483647      6         0           326995873         326995873         327004633         326995873             0           
419       rcv_ack         190         2147483647      6         0           326995873         326995873         327004633         326995873             0           
420       rcv_ack         191         2147483647      6         1460        326995873         326995873         327004633         326997333             0           
421       snd_data        230         2147483647      3         1460        326995873         326997333         327000253         326997333             1460        
422       rcv_ack         192         2147483647      3         2920        326995873         326997333         327000253         326998793             1460        
423       snd_data        231         2147483647      3         2920        326995873         326998793         327000253         326998793             2920        
424       rcv_ack         193         2147483647      3         5840        326995873         326998793         327000253         327001713             2920        
425       snd_data        232         2147483647      3         5840        326995873         327000253         327000253         327001713             4380        
426       rcv_ack         194         2147483647      3         11680       326995873         327000253         327000253         327007553             4380        
427       rcv_ack         195         2147483647      4         11680       326997333         327000253         327003173         327009013             2920        
428       snd_data        233         2147483647      4         11680       326997333         327001713         327003173         327009013             4380        
429       snd_data        234         2147483647      4         11680       326997333         327003173         327003173         327009013             5840        
430       rcv_ack         196         2147483647      5         5840        327003173         327003173         327010473         327009013             0           
431       snd_data        235         2147483647      5         5840        327003173         327004633         327010473         327009013             1460        
432       snd_data        236         2147483647      5         5840        327003173         327006093         327010473         327009013             2920        
433       snd_data        237         2147483647      5         5840        327003173         327007553         327010473         327009013             4380        
434       snd_data        238         2147483647      5         5840        327003173         327009013         327010473         327009013             5840        
435       rcv_ack         197         2147483647      6         1460        327009013         327009013         327017773         327010473             0           
436       snd_data        239         2147483647      6         1460        327009013         327010473         327017773         327010473             1460        
437       rcv_ack         198         2147483647      6         0           327010473         327010473         327019233         327010473             0           
438       rcv_ack         199         2147483647      6         0           327010473         327010473         327019233         327010473             0           
439       rcv_ack         200         2147483647      6         0           327010473         327010473         327019233         327010473             0           
440       rcv_ack         201         2147483647      6         0           327010473         327010473         327019233         327010473             0           
441       rcv_ack         202         2147483647      6         0           327010473         327010473         327019233         327010473             0           
442       rcv_ack         203         2147483647      6         1460        327010473         327010473         327019233         327011933             0           
443       snd_data        240         2147483647      3         1460        327010473         327011933         327014853         327011933             1460        
444       rcv_ack         204         2147483647      3         2920        327010473         327011933         327014853         327013393             1460        
445       snd_data        241         2147483647      3         2920        327010473         327013393         327014853         327013393             2920        
446       rcv_ack         205         2147483647      3         5840        327010473         327013393         327014853         327016313             2920        
447       snd_data        242         2147483647      3         5840        327010473         327014853         327014853         327016313             4380        
448       rcv_ack         206         2147483647      3         11680       327010473         327014853         327014853         327022153             4380        
449       rcv_ack         207         2147483647      4         10220       327011933         327014853         327017773         327022153             2920        
450       snd_data        243         2147483647      4         10220       327011933         327016313         327017773         327022153             4380        
451       snd_data        244         2147483647      4         10220       327011933         327017773         327017773         327022153             5840        
452       rcv_ack         208         2147483647      5         4380        327017773         327017773         327025073         327022153             0           
453       snd_data        245         2147483647      5         4380        327017773         327019233         327025073         327022153             1460        
454       snd_data        246         2147483647      5         4380        327017773         327020693         327025073         327022153             2920        
455       snd_data        247         2147483647      5         4380        327017773         327022153         327025073         327022153             4380        
456       rcv_ack         209         2147483647      6         1460        327022153         327022153         327030913         327023613             0           
457       snd_data        248         2147483647      6         1460        327022153         327023444         327030913         327023613             1291        
458       rcv_ack         210         2147483647      6         169         327023444         327023444         327032204         327023613             0           
