Show TCP sender's some valuces about sndwnd:
pkt_seqno pkt_type        RorS_seqno  snd_ssthresh    snd_cwnd  rcv_wnd     snd_wnd_left      snd_wnd_pointer   snd_wnd_left+cwnd snd_wnd_left+rcv_wnd  snd_wnd_pointer-left
1         snd_con_syn     1           2147483647      2         0           468841012         468841013         468843932         468841012             1           
2         rcv_con_syn_ack 1           2147483647      2         5840        468841013         468841013         468843933         468846853             0           
3         snd_con_ack     2           2147483647      3         5840        468841013         468841013         468845393         468846853             0           
4         snd_data        3           2147483647      3         5840        468841013         468842413         468845393         468846853             1400        
5         snd_data        4           2147483647      3         5840        468841013         468843873         468845393         468846853             2860        
6         snd_data        5           2147483647      3         5840        468841013         468845333         468845393         468846853             4320        
7         rcv_ack         2           2147483647      4         8400        468842413         468845333         468848253         468850813             2920        
8         snd_data        6           2147483647      4         8400        468842413         468846793         468848253         468850813             4380        
9         snd_data        7           2147483647      4         8400        468842413         468848253         468848253         468850813             5840        
10        rcv_ack         3           2147483647      5         11680       468843873         468848253         468851173         468855553             4380        
11        snd_data        8           2147483647      5         11680       468843873         468849713         468851173         468855553             5840        
12        snd_data        9           2147483647      5         11680       468843873         468851173         468851173         468855553             7300        
13        rcv_ack         4           2147483647      6         14600       468845333         468851173         468854093         468859933             5840        
14        snd_data        10          2147483647      6         14600       468845333         468852633         468854093         468859933             7300        
15        snd_data        11          2147483647      6         14600       468845333         468854093         468854093         468859933             8760        
16        rcv_ack         5           2147483647      7         17520       468846793         468854093         468857013         468864313             7300        
17        snd_data        12          2147483647      7         17520       468846793         468855553         468857013         468864313             8760        
18        snd_data        13          2147483647      7         17520       468846793         468857013         468857013         468864313             10220       
19        rcv_ack         6           2147483647      8         20440       468848253         468857013         468859933         468868693             8760        
20        snd_data        14          2147483647      8         20440       468848253         468858473         468859933         468868693             10220       
21        snd_data        15          2147483647      8         20440       468848253         468859933         468859933         468868693             11680       
22        rcv_ack         7           2147483647      9         23360       468849713         468859933         468862853         468873073             10220       
23        snd_data        16          2147483647      9         23360       468849713         468861393         468862853         468873073             11680       
24        snd_data        17          2147483647      9         23360       468849713         468862853         468862853         468873073             13140       
25        rcv_ack         8           2147483647      10        26280       468851173         468862853         468865773         468877453             11680       
26        snd_data        18          2147483647      10        26280       468851173         468864313         468865773         468877453             13140       
27        snd_data        19          2147483647      10        26280       468851173         468865773         468865773         468877453             14600       
28        rcv_ack         9           2147483647      11        29200       468852633         468865773         468868693         468881833             13140       
29        snd_data        20          2147483647      11        29200       468852633         468867233         468868693         468881833             14600       
30        snd_data        21          2147483647      11        29200       468852633         468868693         468868693         468881833             16060       
31        rcv_ack         10          2147483647      12        32120       468854093         468868693         468871613         468886213             14600       
32        snd_data        22          2147483647      12        32120       468854093         468870153         468871613         468886213             16060       
33        snd_data        23          2147483647      12        32120       468854093         468871613         468871613         468886213             17520       
34        rcv_ack         11          2147483647      13        35040       468855553         468871613         468874533         468890593             16060       
35        snd_data        24          2147483647      13        35040       468855553         468873073         468874533         468890593             17520       
36        snd_data        25          2147483647      13        35040       468855553         468874533         468874533         468890593             18980       
37        rcv_ack         12          2147483647      14        37960       468857013         468874533         468877453         468894973             17520       
38        snd_data        26          2147483647      14        37960       468857013         468875993         468877453         468894973             18980       
39        snd_data        27          2147483647      14        37960       468857013         468877453         468877453         468894973             20440       
40        rcv_ack         13          2147483647      15        40880       468858473         468877453         468880373         468899353             18980       
41        snd_data        28          2147483647      15        40880       468858473         468878913         468880373         468899353             20440       
42        snd_data        29          2147483647      15        40880       468858473         468880373         468880373         468899353             21900       
43        rcv_ack         14          2147483647      16        43800       468859933         468880373         468883293         468903733             20440       
44        snd_data        30          2147483647      16        43800       468859933         468881833         468883293         468903733             21900       
45        snd_data        31          2147483647      16        43800       468859933         468883293         468883293         468903733             23360       
46        rcv_ack         15          2147483647      17        46720       468861393         468883293         468886213         468908113             21900       
47        snd_data        32          2147483647      17        46720       468861393         468884753         468886213         468908113             23360       
48        snd_data        33          2147483647      17        46720       468861393         468886213         468886213         468908113             24820       
49        rcv_ack         16          2147483647      18        46720       468862853         468886213         468889133         468909573             23360       
50        snd_data        34          2147483647      18        46720       468862853         468887673         468889133         468909573             24820       
51        snd_data        35          2147483647      18        46720       468862853         468889133         468889133         468909573             26280       
52        rcv_ack         17          2147483647      19        46720       468864313         468889133         468892053         468911033             24820       
53        snd_data        36          2147483647      19        46720       468864313         468890593         468892053         468911033             26280       
54        snd_data        37          2147483647      19        46720       468864313         468892053         468892053         468911033             27740       
55        rcv_ack         18          2147483647      20        46720       468865773         468892053         468894973         468912493             26280       
56        snd_data        38          2147483647      20        46720       468865773         468893513         468894973         468912493             27740       
57        snd_data        39          2147483647      20        46720       468865773         468894973         468894973         468912493             29200       
58        rcv_ack         19          2147483647      21        46720       468867233         468894973         468897893         468913953             27740       
59        snd_data        40          2147483647      21        46720       468867233         468896433         468897893         468913953             29200       
60        snd_data        41          2147483647      21        46720       468867233         468897893         468897893         468913953             30660       
61        rcv_ack         20          2147483647      22        46720       468868693         468897893         468900813         468915413             29200       
62        snd_data        42          2147483647      22        46720       468868693         468899353         468900813         468915413             30660       
63        snd_data        43          2147483647      22        46720       468868693         468900813         468900813         468915413             32120       
63        timeout         43          11              1         46720       468868693         468900813         468870153         468915413             32120       
63        timeout         43          11              1         46720       468868693         468900813         468870153         468915413             32120       
63        timeout         43          11              1         46720       468868693         468900813         468870153         468915413             32120       
63        timeout         43          11              1         46720       468868693         468900813         468870153         468915413             32120       
64        rcv_ack         21          11              2         46720       468900813         468900813         468903733         468947533             0           
65        snd_data        44          11              2         46720       468900813         468902273         468903733         468947533             1460        
66        snd_data        45          11              2         46720       468900813         468903733         468903733         468947533             2920        
67        rcv_ack         22          11              3         46720       468902273         468903733         468906653         468948993             1460        
68        snd_data        46          11              3         46720       468902273         468905193         468906653         468948993             2920        
69        snd_data        47          11              3         46720       468902273         468906653         468906653         468948993             4380        
70        rcv_ack         23          11              4         46720       468903733         468906653         468909573         468950453             2920        
71        snd_data        48          11              4         46720       468903733         468908113         468909573         468950453             4380        
72        snd_data        49          11              4         46720       468903733         468909573         468909573         468950453             5840        
73        rcv_ack         24          11              5         46720       468905193         468909573         468912493         468951913             4380        
74        snd_data        50          11              5         46720       468905193         468911033         468912493         468951913             5840        
75        snd_data        51          11              5         46720       468905193         468912493         468912493         468951913             7300        
76        rcv_ack         25          11              6         46720       468906653         468912493         468915413         468953373             5840        
77        snd_data        52          11              6         46720       468906653         468913953         468915413         468953373             7300        
78        snd_data        53          11              6         46720       468906653         468915413         468915413         468953373             8760        
79        rcv_ack         26          11              7         46720       468908113         468915413         468918333         468954833             7300        
80        snd_data        54          11              7         46720       468908113         468916873         468918333         468954833             8760        
81        snd_data        55          11              7         46720       468908113         468918333         468918333         468954833             10220       
82        rcv_ack         27          11              8         46720       468909573         468918333         468921253         468956293             8760        
83        snd_data        56          11              8         46720       468909573         468919793         468921253         468956293             10220       
84        snd_data        57          11              8         46720       468909573         468921253         468921253         468956293             11680       
85        rcv_ack         28          11              9         46720       468911033         468921253         468924173         468957753             10220       
86        snd_data        58          11              9         46720       468911033         468922713         468924173         468957753             11680       
87        snd_data        59          11              9         46720       468911033         468924173         468924173         468957753             13140       
88        rcv_ack         29          11              10        46720       468912493         468924173         468927093         468959213             11680       
89        snd_data        60          11              10        46720       468912493         468925633         468927093         468959213             13140       
90        snd_data        61          11              10        46720       468912493         468927093         468927093         468959213             14600       
91        rcv_ack         30          11              11        46720       468913953         468927093         468930013         468960673             13140       
92        snd_data        62          11              11        46720       468913953         468928553         468930013         468960673             14600       
93        snd_data        63          11              11        46720       468913953         468930013         468930013         468960673             16060       
94        rcv_ack         31          11              12        46720       468915413         468930013         468932933         468962133             14600       
95        snd_data        64          11              12        46720       468915413         468931473         468932933         468962133             16060       
96        snd_data        65          11              12        46720       468915413         468932933         468932933         468962133             17520       
97        rcv_ack         32          11              12        46720       468916873         468932933         468934393         468963593             16060       
98        snd_data        66          11              12        46720       468916873         468934393         468934393         468963593             17520       
99        rcv_ack         33          11              12        46720       468918333         468934393         468935853         468965053             16060       
100       snd_data        67          11              12        46720       468918333         468935853         468935853         468965053             17520       
101       rcv_ack         34          11              12        46720       468919793         468935853         468937313         468966513             16060       
102       snd_data        68          11              12        46720       468919793         468937313         468937313         468966513             17520       
103       rcv_ack         35          11              12        46720       468921253         468937313         468938773         468967973             16060       
104       snd_data        69          11              12        46720       468921253         468938773         468938773         468967973             17520       
105       rcv_ack         36          11              12        46720       468922713         468938773         468940233         468969433             16060       
106       snd_data        70          11              12        46720       468922713         468940233         468940233         468969433             17520       
107       rcv_ack         37          11              12        46720       468924173         468940233         468941693         468970893             16060       
108       snd_data        71          11              12        46720       468924173         468941693         468941693         468970893             17520       
109       rcv_ack         38          11              12        46720       468925633         468941693         468943153         468972353             16060       
110       snd_data        72          11              12        46720       468925633         468943153         468943153         468972353             17520       
111       rcv_ack         39          11              12        46720       468927093         468943153         468944613         468973813             16060       
112       snd_data        73          11              12        46720       468927093         468944613         468944613         468973813             17520       
113       snd_data        74          11              12        46720       468927093         468945121         468944613         468973813             18028       
114       rcv_ack         40          11              12        46720       468930013         468945121         468947533         468976733             15108       
115       rcv_ack         41          11              12        46720       468932933         468945121         468950453         468979653             12188       
116       rcv_ack         42          11              12        46720       468935853         468945121         468953373         468982573             9268        
117       rcv_ack         43          11              12        46720       468938773         468945121         468956293         468985493             6348        
118       rcv_ack         44          11              12        46720       468941693         468945121         468959213         468988413             3428        
119       rcv_ack         45          11              12        46720       468944613         468945121         468962133         468991333             508         
120       rcv_ack         46          11              12        46720       468945121         468945121         468962641         468991841             0           
121       snd_con_ack     75          11              12        46720       468945121         468945121         468962641         468991841             0           
