Show TCP sender's some valuces about sndwnd:
pkt_seqno pkt_type        RorS_seqno  snd_ssthresh    snd_cwnd  rcv_wnd     snd_wnd_left      snd_wnd_pointer   snd_wnd_left+cwnd snd_wnd_left+rcv_wnd  snd_wnd_pointer-left
1         snd_con_syn     1           2147483647      2         0           1945360164        1945360165        1945363084        1945360164            1           
2         rcv_con_syn_ack 1           2147483647      2         5840        1945360165        1945360165        1945363085        1945366005            0           
3         snd_con_ack     2           2147483647      3         5840        1945360165        1945360165        1945364545        1945366005            0           
4         snd_data        3           2147483647      3         5840        1945360165        1945361565        1945364545        1945366005            1400        
5         snd_data        4           2147483647      3         5840        1945360165        1945363025        1945364545        1945366005            2860        
6         snd_data        5           2147483647      3         5840        1945360165        1945364485        1945364545        1945366005            4320        
7         rcv_ack         2           2147483647      4         8400        1945361565        1945364485        1945367405        1945369965            2920        
8         snd_data        6           2147483647      4         8400        1945361565        1945365945        1945367405        1945369965            4380        
9         snd_data        7           2147483647      4         8400        1945361565        1945367405        1945367405        1945369965            5840        
10        rcv_ack         3           2147483647      5         11680       1945363025        1945367405        1945370325        1945374705            4380        
11        snd_data        8           2147483647      5         11680       1945363025        1945368865        1945370325        1945374705            5840        
12        snd_data        9           2147483647      5         11680       1945363025        1945370325        1945370325        1945374705            7300        
13        rcv_ack         4           2147483647      6         14600       1945364485        1945370325        1945373245        1945379085            5840        
14        snd_data        10          2147483647      6         14600       1945364485        1945371785        1945373245        1945379085            7300        
15        snd_data        11          2147483647      6         14600       1945364485        1945373245        1945373245        1945379085            8760        
16        rcv_ack         5           2147483647      7         17520       1945365945        1945373245        1945376165        1945383465            7300        
17        snd_data        12          2147483647      7         17520       1945365945        1945374705        1945376165        1945383465            8760        
18        snd_data        13          2147483647      7         17520       1945365945        1945375565        1945376165        1945383465            9620        
19        rcv_ack         6           2147483647      8         20440       1945367405        1945375565        1945379085        1945387845            8160        
20        rcv_ack         7           2147483647      9         23360       1945368865        1945375565        1945382005        1945392225            6700        
21        rcv_ack         8           2147483647      9         26280       1945370325        1945375565        1945383465        1945396605            5240        
22        rcv_ack         9           2147483647      9         29200       1945371785        1945375565        1945384925        1945400985            3780        
23        rcv_ack         10          2147483647      9         32120       1945373245        1945375565        1945386385        1945405365            2320        
24        snd_data        14          2147483647      9         32120       1945373245        1945377025        1945386385        1945405365            3780        
25        snd_data        15          2147483647      9         32120       1945373245        1945378485        1945386385        1945405365            5240        
26        snd_data        16          2147483647      9         32120       1945373245        1945379945        1945386385        1945405365            6700        
27        snd_data        17          2147483647      9         32120       1945373245        1945381405        1945386385        1945405365            8160        
28        snd_data        18          2147483647      9         32120       1945373245        1945382865        1945386385        1945405365            9620        
29        snd_data        19          2147483647      9         32120       1945373245        1945384325        1945386385        1945405365            11080       
30        snd_data        20          2147483647      9         32120       1945373245        1945385785        1945386385        1945405365            12540       
31        rcv_ack         11          2147483647      10        35040       1945374705        1945385785        1945389305        1945409745            11080       
32        rcv_ack         12          2147483647      11        37960       1945375565        1945385785        1945391625        1945413525            10220       
33        snd_data        21          2147483647      11        37960       1945375565        1945386765        1945391625        1945413525            11200       
34        snd_data        22          2147483647      11        37960       1945375565        1945388225        1945391625        1945413525            12660       
35        snd_data        23          2147483647      11        37960       1945375565        1945389685        1945391625        1945413525            14120       
36        snd_data        24          2147483647      11        37960       1945375565        1945391145        1945391625        1945413525            15580       
37        rcv_ack         13          2147483647      12        40880       1945377025        1945391145        1945394545        1945417905            14120       
38        snd_data        25          2147483647      12        40880       1945377025        1945392605        1945394545        1945417905            15580       
39        snd_data        26          2147483647      12        40880       1945377025        1945394065        1945394545        1945417905            17040       
40        rcv_ack         14          2147483647      13        43800       1945378485        1945394065        1945397465        1945422285            15580       
41        snd_data        27          2147483647      13        43800       1945378485        1945395525        1945397465        1945422285            17040       
42        snd_data        28          2147483647      13        43800       1945378485        1945396985        1945397465        1945422285            18500       
43        rcv_ack         15          2147483647      14        46720       1945379945        1945396985        1945400385        1945426665            17040       
44        snd_data        29          2147483647      14        46720       1945379945        1945398445        1945400385        1945426665            18500       
45        snd_data        30          2147483647      14        46720       1945379945        1945399905        1945400385        1945426665            19960       
46        rcv_ack         16          2147483647      15        46720       1945381405        1945399905        1945403305        1945428125            18500       
47        snd_data        31          2147483647      15        46720       1945381405        1945401365        1945403305        1945428125            19960       
48        snd_data        32          2147483647      15        46720       1945381405        1945402825        1945403305        1945428125            21420       
49        rcv_ack         17          2147483647      16        46720       1945382865        1945402825        1945406225        1945429585            19960       
50        snd_data        33          2147483647      16        46720       1945382865        1945404285        1945406225        1945429585            21420       
51        snd_data        34          2147483647      16        46720       1945382865        1945405745        1945406225        1945429585            22880       
52        rcv_ack         18          2147483647      17        46720       1945384325        1945405745        1945409145        1945431045            21420       
53        snd_data        35          2147483647      17        46720       1945384325        1945407205        1945409145        1945431045            22880       
54        snd_data        36          2147483647      17        46720       1945384325        1945408665        1945409145        1945431045            24340       
55        rcv_ack         19          2147483647      18        46720       1945385785        1945408665        1945412065        1945432505            22880       
56        snd_data        37          2147483647      18        46720       1945385785        1945410125        1945412065        1945432505            24340       
57        snd_data        38          2147483647      18        46720       1945385785        1945411585        1945412065        1945432505            25800       
58        snd_data        39          2147483647      18        46720       1945385785        1945413045        1945412065        1945432505            27260       
59        rcv_ack         20          2147483647      18        46720       1945385785        1945413045        1945412065        1945432505            27260       
60        snd_data        40          2147483647      18        46720       1945385785        1945414505        1945412065        1945432505            28720       
61        rcv_ack         21          9               17        46720       1945385785        1945414505        1945410605        1945432505            28720       
62        rcv_ack         22          9               16        46720       1945385785        1945414505        1945409145        1945432505            28720       
63        rcv_ack         23          9               16        46720       1945385785        1945414505        1945409145        1945432505            28720       
64        snd_data        41          9               16        46720       1945385785        1945415965        1945409145        1945432505            30180       
65        rcv_ack         24          9               15        46720       1945385785        1945415965        1945407685        1945432505            30180       
66        rcv_ack         25          9               15        46720       1945385785        1945415965        1945407685        1945432505            30180       
67        snd_data        42          9               15        46720       1945385785        1945417425        1945407685        1945432505            31640       
68        rcv_ack         26          9               14        46720       1945385785        1945417425        1945406225        1945432505            31640       
69        rcv_ack         27          9               14        46720       1945385785        1945417425        1945406225        1945432505            31640       
70        snd_data        43          9               14        46720       1945385785        1945418885        1945406225        1945432505            33100       
71        rcv_ack         28          9               13        46720       1945385785        1945418885        1945404765        1945432505            33100       
72        rcv_ack         29          9               13        46720       1945385785        1945418885        1945404765        1945432505            33100       
73        snd_data        44          9               13        46720       1945385785        1945420345        1945404765        1945432505            34560       
74        rcv_ack         30          9               12        46720       1945385785        1945420345        1945403305        1945432505            34560       
75        rcv_ack         31          9               12        46720       1945385785        1945420345        1945403305        1945432505            34560       
76        snd_data        45          9               12        46720       1945385785        1945421805        1945403305        1945432505            36020       
77        rcv_ack         32          9               11        46720       1945385785        1945421805        1945401845        1945432505            36020       
78        rcv_ack         33          9               11        46720       1945385785        1945421805        1945401845        1945432505            36020       
79        snd_data        46          9               11        46720       1945385785        1945423265        1945401845        1945432505            37480       
80        rcv_ack         34          9               10        46720       1945385785        1945423265        1945400385        1945432505            37480       
81        rcv_ack         35          9               10        46720       1945385785        1945423265        1945400385        1945432505            37480       
82        snd_data        47          9               10        46720       1945385785        1945424725        1945400385        1945432505            38940       
83        rcv_ack         36          9               9         46720       1945385785        1945424725        1945398925        1945432505            38940       
84        rcv_ack         37          9               9         46720       1945385785        1945424725        1945398925        1945432505            38940       
85        snd_data        48          9               9         46720       1945385785        1945426185        1945398925        1945432505            40400       
86        rcv_ack         38          9               9         46720       1945414505        1945426185        1945427645        1945461225            11680       
87        snd_data        49          9               9         46720       1945414505        1945427645        1945427645        1945461225            13140       
88        rcv_ack         39          9               10        46720       1945415965        1945427645        1945430565        1945462685            11680       
89        snd_data        50          9               10        46720       1945415965        1945429105        1945430565        1945462685            13140       
90        snd_data        51          9               10        46720       1945415965        1945430565        1945430565        1945462685            14600       
91        rcv_ack         40          9               10        46720       1945417425        1945430565        1945432025        1945464145            13140       
92        snd_data        52          9               10        46720       1945417425        1945432025        1945432025        1945464145            14600       
93        rcv_ack         41          9               10        46720       1945418885        1945432025        1945433485        1945465605            13140       
94        snd_data        53          9               10        46720       1945418885        1945433485        1945433485        1945465605            14600       
95        rcv_ack         42          9               10        46720       1945420345        1945433485        1945434945        1945467065            13140       
96        snd_data        54          9               10        46720       1945420345        1945434945        1945434945        1945467065            14600       
97        rcv_ack         43          9               10        46720       1945421805        1945434945        1945436405        1945468525            13140       
98        snd_data        55          9               10        46720       1945421805        1945436405        1945436405        1945468525            14600       
99        rcv_ack         44          9               10        46720       1945423265        1945436405        1945437865        1945469985            13140       
100       snd_data        56          9               10        46720       1945423265        1945437865        1945437865        1945469985            14600       
101       rcv_ack         45          9               10        46720       1945424725        1945437865        1945439325        1945471445            13140       
102       snd_data        57          9               10        46720       1945424725        1945439325        1945439325        1945471445            14600       
103       rcv_ack         46          9               10        46720       1945426185        1945439325        1945440785        1945472905            13140       
104       snd_data        58          9               10        46720       1945426185        1945440785        1945440785        1945472905            14600       
105       rcv_ack         47          9               10        46720       1945427645        1945440785        1945442245        1945474365            13140       
106       snd_data        59          9               10        46720       1945427645        1945442245        1945442245        1945474365            14600       
107       rcv_ack         48          9               10        46720       1945429105        1945442245        1945443705        1945475825            13140       
108       snd_data        60          9               10        46720       1945429105        1945443705        1945443705        1945475825            14600       
109       rcv_ack         49          9               11        46720       1945430565        1945443705        1945446625        1945477285            13140       
110       snd_data        61          9               11        46720       1945430565        1945445165        1945446625        1945477285            14600       
111       snd_data        62          9               11        46720       1945430565        1945446625        1945446625        1945477285            16060       
112       rcv_ack         50          9               11        46720       1945432025        1945446625        1945448085        1945478745            14600       
113       snd_data        63          9               11        46720       1945432025        1945448085        1945448085        1945478745            16060       
114       rcv_ack         51          9               11        46720       1945433485        1945448085        1945449545        1945480205            14600       
115       snd_data        64          9               11        46720       1945433485        1945449545        1945449545        1945480205            16060       
116       rcv_ack         52          9               11        46720       1945434945        1945449545        1945451005        1945481665            14600       
117       snd_data        65          9               11        46720       1945434945        1945451005        1945451005        1945481665            16060       
118       rcv_ack         53          9               11        46720       1945437865        1945451005        1945453925        1945484585            13140       
119       snd_data        66          9               11        46720       1945437865        1945452465        1945453925        1945484585            14600       
120       snd_data        67          9               11        46720       1945437865        1945453925        1945453925        1945484585            16060       
121       rcv_ack         54          9               11        46720       1945440785        1945453925        1945456845        1945487505            13140       
122       snd_data        68          9               11        46720       1945440785        1945455385        1945456845        1945487505            14600       
123       snd_data        69          9               11        46720       1945440785        1945456845        1945456845        1945487505            16060       
124       rcv_ack         55          9               11        46720       1945443705        1945456845        1945459765        1945490425            13140       
125       snd_data        70          9               11        46720       1945443705        1945458305        1945459765        1945490425            14600       
126       snd_data        71          9               11        46720       1945443705        1945459765        1945459765        1945490425            16060       
127       rcv_ack         56          9               11        46720       1945446625        1945459765        1945462685        1945493345            13140       
128       snd_data        72          9               11        46720       1945446625        1945461225        1945462685        1945493345            14600       
129       snd_data        73          9               11        46720       1945446625        1945462685        1945462685        1945493345            16060       
130       rcv_ack         57          9               11        46720       1945449545        1945462685        1945465605        1945496265            13140       
131       snd_data        74          9               11        46720       1945449545        1945464145        1945465605        1945496265            14600       
132       snd_data        75          9               11        46720       1945449545        1945465605        1945465605        1945496265            16060       
133       rcv_ack         58          9               11        46720       1945452465        1945465605        1945468525        1945499185            13140       
134       snd_data        76          9               11        46720       1945452465        1945467065        1945468525        1945499185            14600       
135       snd_data        77          9               11        46720       1945452465        1945468525        1945468525        1945499185            16060       
136       rcv_ack         59          9               11        46720       1945455385        1945468525        1945471445        1945502105            13140       
137       snd_data        78          9               11        46720       1945455385        1945469985        1945471445        1945502105            14600       
138       snd_data        79          9               11        46720       1945455385        1945471445        1945471445        1945502105            16060       
139       rcv_ack         60          9               11        46720       1945458305        1945471445        1945474365        1945505025            13140       
140       snd_data        80          9               11        46720       1945458305        1945472905        1945474365        1945505025            14600       
141       snd_data        81          9               11        46720       1945458305        1945474365        1945474365        1945505025            16060       
142       rcv_ack         61          9               12        46720       1945461225        1945474365        1945478745        1945507945            13140       
143       snd_data        82          9               12        46720       1945461225        1945475825        1945478745        1945507945            14600       
144       snd_data        83          9               12        46720       1945461225        1945477285        1945478745        1945507945            16060       
145       snd_data        84          9               12        46720       1945461225        1945478745        1945478745        1945507945            17520       
146       rcv_ack         62          9               12        46720       1945464145        1945478745        1945481665        1945510865            14600       
147       snd_data        85          9               12        46720       1945464145        1945480205        1945481665        1945510865            16060       
148       snd_data        86          9               12        46720       1945464145        1945481665        1945481665        1945510865            17520       
149       rcv_ack         63          9               12        46720       1945467065        1945481665        1945484585        1945513785            14600       
150       snd_data        87          9               12        46720       1945467065        1945483125        1945484585        1945513785            16060       
151       snd_data        88          9               12        46720       1945467065        1945484585        1945484585        1945513785            17520       
152       rcv_ack         64          9               12        46720       1945469985        1945484585        1945487505        1945516705            14600       
153       snd_data        89          9               12        46720       1945469985        1945486045        1945487505        1945516705            16060       
154       snd_data        90          9               12        46720       1945469985        1945487505        1945487505        1945516705            17520       
155       rcv_ack         65          9               12        46720       1945472905        1945487505        1945490425        1945519625            14600       
156       snd_data        91          9               12        46720       1945472905        1945488965        1945490425        1945519625            16060       
157       snd_data        92          9               12        46720       1945472905        1945490425        1945490425        1945519625            17520       
158       rcv_ack         66          9               12        46720       1945475825        1945490425        1945493345        1945522545            14600       
159       snd_data        93          9               12        46720       1945475825        1945491885        1945493345        1945522545            16060       
160       snd_data        94          9               12        46720       1945475825        1945493345        1945493345        1945522545            17520       
161       rcv_ack         67          9               12        46720       1945478745        1945493345        1945496265        1945525465            14600       
162       snd_data        95          9               12        46720       1945478745        1945494805        1945496265        1945525465            16060       
163       snd_data        96          9               12        46720       1945478745        1945496265        1945496265        1945525465            17520       
164       rcv_ack         68          9               12        46720       1945481665        1945496265        1945499185        1945528385            14600       
165       snd_data        97          9               12        46720       1945481665        1945497725        1945499185        1945528385            16060       
166       snd_data        98          9               12        46720       1945481665        1945499185        1945499185        1945528385            17520       
167       rcv_ack         69          9               12        46720       1945484585        1945499185        1945502105        1945531305            14600       
168       snd_data        99          9               12        46720       1945484585        1945500645        1945502105        1945531305            16060       
169       snd_data        100         9               12        46720       1945484585        1945502105        1945502105        1945531305            17520       
170       rcv_ack         70          9               12        46720       1945487505        1945502105        1945505025        1945534225            14600       
171       snd_data        101         9               12        46720       1945487505        1945503565        1945505025        1945534225            16060       
172       snd_data        102         9               12        46720       1945487505        1945505025        1945505025        1945534225            17520       
172       timeout         102         6               1         46720       1945487505        1945505025        1945488965        1945534225            17520       
173       rcv_ack         71          6               2         46720       1945490425        1945505025        1945493345        1945537145            14600       
174       rcv_ack         72          6               3         46720       1945493345        1945505025        1945497725        1945540065            11680       
175       rcv_ack         73          6               4         46720       1945496265        1945505025        1945502105        1945542985            8760        
176       rcv_ack         74          6               5         46720       1945499185        1945505025        1945506485        1945545905            5840        
177       snd_data        103         6               5         46720       1945499185        1945506485        1945506485        1945545905            7300        
178       rcv_ack         75          6               6         46720       1945502105        1945506485        1945510865        1945548825            4380        
179       snd_data        104         6               6         46720       1945502105        1945507945        1945510865        1945548825            5840        
180       snd_data        105         6               6         46720       1945502105        1945509405        1945510865        1945548825            7300        
181       snd_data        106         6               6         46720       1945502105        1945510865        1945510865        1945548825            8760        
182       rcv_ack         76          6               7         46720       1945505025        1945510865        1945515245        1945551745            5840        
183       snd_data        107         6               7         46720       1945505025        1945512325        1945515245        1945551745            7300        
184       snd_data        108         6               7         46720       1945505025        1945513785        1945515245        1945551745            8760        
185       snd_data        109         6               7         46720       1945505025        1945515245        1945515245        1945551745            10220       
186       rcv_ack         77          6               7         46720       1945505025        1945515245        1945515245        1945551745            10220       
187       rcv_ack         78          6               7         46720       1945505025        1945515245        1945515245        1945551745            10220       
188       rcv_ack         79          6               7         46720       1945505025        1945515245        1945515245        1945551745            10220       
189       rcv_ack         80          6               7         46720       1945505025        1945515245        1945515245        1945551745            10220       
190       rcv_ack         81          6               7         46720       1945505025        1945515245        1945515245        1945551745            10220       
191       rcv_ack         82          6               7         46720       1945505025        1945515245        1945515245        1945551745            10220       
192       rcv_ack         83          6               7         46720       1945505025        1945515245        1945515245        1945551745            10220       
193       rcv_ack         84          6               7         46720       1945505025        1945515245        1945515245        1945551745            10220       
194       rcv_ack         85          6               7         46720       1945505025        1945515245        1945515245        1945551745            10220       
195       rcv_ack         86          6               7         46720       1945505025        1945515245        1945515245        1945551745            10220       
196       rcv_ack         87          9               10        46720       1945505025        1945515245        1945519625        1945551745            10220       
197       snd_data        110         9               10        46720       1945505025        1945516705        1945519625        1945551745            11680       
198       snd_data        111         9               10        46720       1945505025        1945518165        1945519625        1945551745            13140       
199       snd_data        112         9               10        46720       1945505025        1945519625        1945519625        1945551745            14600       
200       rcv_ack         88          9               10        46720       1945506485        1945519625        1945521085        1945553205            13140       
201       snd_data        113         9               10        46720       1945506485        1945521085        1945521085        1945553205            14600       
202       rcv_ack         89          9               10        46720       1945507945        1945521085        1945522545        1945554665            13140       
203       snd_data        114         9               10        46720       1945507945        1945522545        1945522545        1945554665            14600       
204       rcv_ack         90          9               10        46720       1945509405        1945522545        1945524005        1945556125            13140       
205       snd_data        115         9               10        46720       1945509405        1945524005        1945524005        1945556125            14600       
206       rcv_ack         91          9               10        46720       1945510865        1945524005        1945525465        1945557585            13140       
207       snd_data        116         9               10        46720       1945510865        1945525465        1945525465        1945557585            14600       
208       rcv_ack         92          9               10        46720       1945512325        1945525465        1945526925        1945559045            13140       
209       snd_data        117         9               10        46720       1945512325        1945526925        1945526925        1945559045            14600       
210       rcv_ack         93          9               10        46720       1945513785        1945526925        1945528385        1945560505            13140       
211       snd_data        118         9               10        46720       1945513785        1945528385        1945528385        1945560505            14600       
212       rcv_ack         94          9               10        46720       1945515245        1945528385        1945529845        1945561965            13140       
213       snd_data        119         9               10        46720       1945515245        1945529845        1945529845        1945561965            14600       
214       rcv_ack         95          9               10        46720       1945516705        1945529845        1945531305        1945563425            13140       
215       snd_data        120         9               10        46720       1945516705        1945531305        1945531305        1945563425            14600       
216       rcv_ack         96          9               10        46720       1945518165        1945531305        1945532765        1945564885            13140       
217       snd_data        121         9               10        46720       1945518165        1945532765        1945532765        1945564885            14600       
218       rcv_ack         97          9               10        46720       1945519625        1945532765        1945534225        1945566345            13140       
219       snd_data        122         9               10        46720       1945519625        1945534225        1945534225        1945566345            14600       
220       rcv_ack         98          9               11        46720       1945521085        1945534225        1945537145        1945567805            13140       
221       snd_data        123         9               11        46720       1945521085        1945535685        1945537145        1945567805            14600       
222       snd_data        124         9               11        46720       1945521085        1945537145        1945537145        1945567805            16060       
223       rcv_ack         99          9               11        46720       1945522545        1945537145        1945538605        1945569265            14600       
224       snd_data        125         9               11        46720       1945522545        1945538605        1945538605        1945569265            16060       
225       rcv_ack         100         9               11        46720       1945524005        1945538605        1945540065        1945570725            14600       
226       snd_data        126         9               11        46720       1945524005        1945540065        1945540065        1945570725            16060       
227       rcv_ack         101         9               11        46720       1945525465        1945540065        1945541525        1945572185            14600       
228       snd_data        127         9               11        46720       1945525465        1945541525        1945541525        1945572185            16060       
229       rcv_ack         102         9               11        46720       1945526925        1945541525        1945542985        1945573645            14600       
230       snd_data        128         9               11        46720       1945526925        1945542985        1945542985        1945573645            16060       
231       rcv_ack         103         9               11        46720       1945529845        1945542985        1945545905        1945576565            13140       
232       snd_data        129         9               11        46720       1945529845        1945544445        1945545905        1945576565            14600       
233       snd_data        130         9               11        46720       1945529845        1945545905        1945545905        1945576565            16060       
234       rcv_ack         104         9               11        46720       1945532765        1945545905        1945548825        1945579485            13140       
235       snd_data        131         9               11        46720       1945532765        1945547365        1945548825        1945579485            14600       
236       snd_data        132         9               11        46720       1945532765        1945548825        1945548825        1945579485            16060       
237       rcv_ack         105         9               11        46720       1945535685        1945548825        1945551745        1945582405            13140       
238       snd_data        133         9               11        46720       1945535685        1945550285        1945551745        1945582405            14600       
239       snd_data        134         9               11        46720       1945535685        1945551745        1945551745        1945582405            16060       
240       rcv_ack         106         9               11        46720       1945538605        1945551745        1945554665        1945585325            13140       
241       snd_data        135         9               11        46720       1945538605        1945553205        1945554665        1945585325            14600       
242       snd_data        136         9               11        46720       1945538605        1945554665        1945554665        1945585325            16060       
243       rcv_ack         107         9               11        46720       1945541525        1945554665        1945557585        1945588245            13140       
244       snd_data        137         9               11        46720       1945541525        1945556125        1945557585        1945588245            14600       
245       snd_data        138         9               11        46720       1945541525        1945557585        1945557585        1945588245            16060       
246       rcv_ack         108         9               11        46720       1945544445        1945557585        1945560505        1945591165            13140       
247       snd_data        139         9               11        46720       1945544445        1945559045        1945560505        1945591165            14600       
248       snd_data        140         9               11        46720       1945544445        1945560505        1945560505        1945591165            16060       
249       rcv_ack         109         9               11        46720       1945545905        1945560505        1945561965        1945592625            14600       
250       snd_data        141         9               11        46720       1945545905        1945561965        1945561965        1945592625            16060       
251       rcv_ack         110         9               12        46720       1945548825        1945561965        1945566345        1945595545            13140       
252       snd_data        142         9               12        46720       1945548825        1945563425        1945566345        1945595545            14600       
253       snd_data        143         9               12        46720       1945548825        1945564885        1945566345        1945595545            16060       
254       snd_data        144         9               12        46720       1945548825        1945566345        1945566345        1945595545            17520       
255       rcv_ack         111         9               12        46720       1945551745        1945566345        1945569265        1945598465            14600       
256       snd_data        145         9               12        46720       1945551745        1945567805        1945569265        1945598465            16060       
257       snd_data        146         9               12        46720       1945551745        1945569265        1945569265        1945598465            17520       
258       rcv_ack         112         9               12        46720       1945554665        1945569265        1945572185        1945601385            14600       
259       snd_data        147         9               12        46720       1945554665        1945570725        1945572185        1945601385            16060       
260       snd_data        148         9               12        46720       1945554665        1945572185        1945572185        1945601385            17520       
261       rcv_ack         113         9               12        46720       1945557585        1945572185        1945575105        1945604305            14600       
262       snd_data        149         9               12        46720       1945557585        1945573645        1945575105        1945604305            16060       
263       snd_data        150         9               12        46720       1945557585        1945575105        1945575105        1945604305            17520       
264       rcv_ack         114         9               12        46720       1945560505        1945575105        1945578025        1945607225            14600       
265       snd_data        151         9               12        46720       1945560505        1945576565        1945578025        1945607225            16060       
266       snd_data        152         9               12        46720       1945560505        1945578025        1945578025        1945607225            17520       
267       rcv_ack         115         9               12        46720       1945563425        1945578025        1945580945        1945610145            14600       
268       snd_data        153         9               12        46720       1945563425        1945579485        1945580945        1945610145            16060       
269       snd_data        154         9               12        46720       1945563425        1945580945        1945580945        1945610145            17520       
270       rcv_ack         116         9               12        46720       1945566345        1945580945        1945583865        1945613065            14600       
271       snd_data        155         9               12        46720       1945566345        1945582405        1945583865        1945613065            16060       
272       snd_data        156         9               12        46720       1945566345        1945583865        1945583865        1945613065            17520       
273       rcv_ack         117         9               12        46720       1945569265        1945583865        1945586785        1945615985            14600       
274       snd_data        157         9               12        46720       1945569265        1945585325        1945586785        1945615985            16060       
275       snd_data        158         9               12        46720       1945569265        1945586785        1945586785        1945615985            17520       
276       rcv_ack         118         9               12        46720       1945572185        1945586785        1945589705        1945618905            14600       
277       snd_data        159         9               12        46720       1945572185        1945588245        1945589705        1945618905            16060       
278       snd_data        160         9               12        46720       1945572185        1945589705        1945589705        1945618905            17520       
279       rcv_ack         119         9               12        46720       1945575105        1945589705        1945592625        1945621825            14600       
280       snd_data        161         9               12        46720       1945575105        1945591165        1945592625        1945621825            16060       
281       snd_data        162         9               12        46720       1945575105        1945592625        1945592625        1945621825            17520       
282       rcv_ack         120         9               12        46720       1945578025        1945592625        1945595545        1945624745            14600       
283       snd_data        163         9               12        46720       1945578025        1945594085        1945595545        1945624745            16060       
284       snd_data        164         9               12        46720       1945578025        1945595545        1945595545        1945624745            17520       
285       rcv_ack         121         9               12        46720       1945580945        1945595545        1945598465        1945627665            14600       
286       snd_data        165         9               12        46720       1945580945        1945597005        1945598465        1945627665            16060       
287       snd_data        166         9               12        46720       1945580945        1945598465        1945598465        1945627665            17520       
288       rcv_ack         122         9               12        46720       1945583865        1945598465        1945601385        1945630585            14600       
289       snd_data        167         9               12        46720       1945583865        1945599925        1945601385        1945630585            16060       
290       snd_data        168         9               12        46720       1945583865        1945601385        1945601385        1945630585            17520       
291       rcv_ack         123         9               13        46720       1945586785        1945601385        1945605765        1945633505            14600       
292       snd_data        169         9               13        46720       1945586785        1945602845        1945605765        1945633505            16060       
293       snd_data        170         9               13        46720       1945586785        1945604305        1945605765        1945633505            17520       
294       snd_data        171         9               13        46720       1945586785        1945605765        1945605765        1945633505            18980       
295       rcv_ack         124         9               13        46720       1945589705        1945605765        1945608685        1945636425            16060       
296       snd_data        172         9               13        46720       1945589705        1945607225        1945608685        1945636425            17520       
297       snd_data        173         9               13        46720       1945589705        1945608685        1945608685        1945636425            18980       
298       rcv_ack         125         9               13        46720       1945592625        1945608685        1945611605        1945639345            16060       
299       snd_data        174         9               13        46720       1945592625        1945610145        1945611605        1945639345            17520       
300       snd_data        175         9               13        46720       1945592625        1945611605        1945611605        1945639345            18980       
301       rcv_ack         126         9               13        46720       1945595545        1945611605        1945614525        1945642265            16060       
302       snd_data        176         9               13        46720       1945595545        1945613065        1945614525        1945642265            17520       
303       snd_data        177         9               13        46720       1945595545        1945614525        1945614525        1945642265            18980       
304       rcv_ack         127         9               13        46720       1945598465        1945614525        1945617445        1945645185            16060       
305       snd_data        178         9               13        46720       1945598465        1945615985        1945617445        1945645185            17520       
306       snd_data        179         9               13        46720       1945598465        1945617445        1945617445        1945645185            18980       
307       rcv_ack         128         9               13        46720       1945601385        1945617445        1945620365        1945648105            16060       
308       snd_data        180         9               13        46720       1945601385        1945618905        1945620365        1945648105            17520       
309       snd_data        181         9               13        46720       1945601385        1945620365        1945620365        1945648105            18980       
310       rcv_ack         129         9               13        46720       1945604305        1945620365        1945623285        1945651025            16060       
311       snd_data        182         9               13        46720       1945604305        1945621825        1945623285        1945651025            17520       
312       snd_data        183         9               13        46720       1945604305        1945623285        1945623285        1945651025            18980       
313       rcv_ack         130         9               13        46720       1945607225        1945623285        1945626205        1945653945            16060       
314       snd_data        184         9               13        46720       1945607225        1945624745        1945626205        1945653945            17520       
315       snd_data        185         9               13        46720       1945607225        1945626205        1945626205        1945653945            18980       
316       rcv_ack         131         9               13        46720       1945610145        1945626205        1945629125        1945656865            16060       
317       snd_data        186         9               13        46720       1945610145        1945627665        1945629125        1945656865            17520       
318       snd_data        187         9               13        46720       1945610145        1945629125        1945629125        1945656865            18980       
319       rcv_ack         132         9               13        46720       1945613065        1945629125        1945632045        1945659785            16060       
320       snd_data        188         9               13        46720       1945613065        1945630585        1945632045        1945659785            17520       
321       snd_data        189         9               13        46720       1945613065        1945632045        1945632045        1945659785            18980       
322       rcv_ack         133         9               13        46720       1945615985        1945632045        1945634965        1945662705            16060       
323       snd_data        190         9               13        46720       1945615985        1945633505        1945634965        1945662705            17520       
324       snd_data        191         9               13        46720       1945615985        1945634965        1945634965        1945662705            18980       
325       rcv_ack         134         9               13        46720       1945618905        1945634965        1945637885        1945665625            16060       
326       snd_data        192         9               13        46720       1945618905        1945636425        1945637885        1945665625            17520       
327       snd_data        193         9               13        46720       1945618905        1945637885        1945637885        1945665625            18980       
328       rcv_ack         135         9               13        46720       1945621825        1945637885        1945640805        1945668545            16060       
329       snd_data        194         9               13        46720       1945621825        1945639345        1945640805        1945668545            17520       
330       snd_data        195         9               13        46720       1945621825        1945640805        1945640805        1945668545            18980       
331       rcv_ack         136         9               13        46720       1945624745        1945640805        1945643725        1945671465            16060       
332       snd_data        196         9               13        46720       1945624745        1945642265        1945643725        1945671465            17520       
333       snd_data        197         9               13        46720       1945624745        1945643725        1945643725        1945671465            18980       
334       rcv_ack         137         9               14        46720       1945627665        1945643725        1945648105        1945674385            16060       
335       snd_data        198         9               14        46720       1945627665        1945645185        1945648105        1945674385            17520       
336       snd_data        199         9               14        46720       1945627665        1945646645        1945648105        1945674385            18980       
337       snd_data        200         9               14        46720       1945627665        1945648105        1945648105        1945674385            20440       
338       rcv_ack         138         9               14        46720       1945630585        1945648105        1945651025        1945677305            17520       
339       snd_data        201         9               14        46720       1945630585        1945649565        1945651025        1945677305            18980       
340       snd_data        202         9               14        46720       1945630585        1945651025        1945651025        1945677305            20440       
341       rcv_ack         139         9               14        46720       1945633505        1945651025        1945653945        1945680225            17520       
342       snd_data        203         9               14        46720       1945633505        1945652485        1945653945        1945680225            18980       
343       snd_data        204         9               14        46720       1945633505        1945653945        1945653945        1945680225            20440       
344       rcv_ack         140         9               14        46720       1945636425        1945653945        1945656865        1945683145            17520       
345       snd_data        205         9               14        46720       1945636425        1945655405        1945656865        1945683145            18980       
346       snd_data        206         9               14        46720       1945636425        1945656865        1945656865        1945683145            20440       
347       rcv_ack         141         9               14        46720       1945639345        1945656865        1945659785        1945686065            17520       
348       snd_data        207         9               14        46720       1945639345        1945658325        1945659785        1945686065            18980       
349       snd_data        208         9               14        46720       1945639345        1945659785        1945659785        1945686065            20440       
350       rcv_ack         142         9               14        46720       1945642265        1945659785        1945662705        1945688985            17520       
351       snd_data        209         9               14        46720       1945642265        1945661245        1945662705        1945688985            18980       
352       snd_data        210         9               14        46720       1945642265        1945662705        1945662705        1945688985            20440       
353       rcv_ack         143         9               14        46720       1945645185        1945662705        1945665625        1945691905            17520       
354       snd_data        211         9               14        46720       1945645185        1945664165        1945665625        1945691905            18980       
355       snd_data        212         9               14        46720       1945645185        1945665625        1945665625        1945691905            20440       
356       rcv_ack         144         9               14        46720       1945648105        1945665625        1945668545        1945694825            17520       
357       snd_data        213         9               14        46720       1945648105        1945667085        1945668545        1945694825            18980       
358       snd_data        214         9               14        46720       1945648105        1945668545        1945668545        1945694825            20440       
359       rcv_ack         145         9               14        46720       1945651025        1945668545        1945671465        1945697745            17520       
360       snd_data        215         9               14        46720       1945651025        1945670005        1945671465        1945697745            18980       
361       snd_data        216         9               14        46720       1945651025        1945671465        1945671465        1945697745            20440       
362       rcv_ack         146         9               14        46720       1945653945        1945671465        1945674385        1945700665            17520       
363       snd_data        217         9               14        46720       1945653945        1945672925        1945674385        1945700665            18980       
364       snd_data        218         9               14        46720       1945653945        1945674385        1945674385        1945700665            20440       
365       rcv_ack         147         9               14        46720       1945656865        1945674385        1945677305        1945703585            17520       
366       snd_data        219         9               14        46720       1945656865        1945675845        1945677305        1945703585            18980       
367       snd_data        220         9               14        46720       1945656865        1945677305        1945677305        1945703585            20440       
368       rcv_ack         148         9               14        46720       1945659785        1945677305        1945680225        1945706505            17520       
369       snd_data        221         9               14        46720       1945659785        1945678765        1945680225        1945706505            18980       
370       snd_data        222         9               14        46720       1945659785        1945680225        1945680225        1945706505            20440       
371       rcv_ack         149         9               14        46720       1945662705        1945680225        1945683145        1945709425            17520       
372       snd_data        223         9               14        46720       1945662705        1945681685        1945683145        1945709425            18980       
373       snd_data        224         9               14        46720       1945662705        1945683145        1945683145        1945709425            20440       
374       rcv_ack         150         9               14        46720       1945665625        1945683145        1945686065        1945712345            17520       
375       snd_data        225         9               14        46720       1945665625        1945684605        1945686065        1945712345            18980       
376       snd_data        226         9               14        46720       1945665625        1945686065        1945686065        1945712345            20440       
377       rcv_ack         151         9               14        46720       1945668545        1945686065        1945688985        1945715265            17520       
378       snd_data        227         9               14        46720       1945668545        1945687525        1945688985        1945715265            18980       
379       snd_data        228         9               14        46720       1945668545        1945688985        1945688985        1945715265            20440       
380       rcv_ack         152         9               15        46720       1945671465        1945688985        1945693365        1945718185            17520       
381       snd_data        229         9               15        46720       1945671465        1945690445        1945693365        1945718185            18980       
382       snd_data        230         9               15        46720       1945671465        1945691905        1945693365        1945718185            20440       
383       snd_data        231         9               15        46720       1945671465        1945693365        1945693365        1945718185            21900       
384       rcv_ack         153         9               15        46720       1945674385        1945693365        1945696285        1945721105            18980       
385       snd_data        232         9               15        46720       1945674385        1945694825        1945696285        1945721105            20440       
386       snd_data        233         9               15        46720       1945674385        1945696285        1945696285        1945721105            21900       
387       rcv_ack         154         9               15        46720       1945677305        1945696285        1945699205        1945724025            18980       
388       snd_data        234         9               15        46720       1945677305        1945697745        1945699205        1945724025            20440       
389       snd_data        235         9               15        46720       1945677305        1945699205        1945699205        1945724025            21900       
390       rcv_ack         155         9               15        46720       1945680225        1945699205        1945702125        1945726945            18980       
391       snd_data        236         9               15        46720       1945680225        1945700665        1945702125        1945726945            20440       
392       snd_data        237         9               15        46720       1945680225        1945702125        1945702125        1945726945            21900       
393       rcv_ack         156         9               15        46720       1945683145        1945702125        1945705045        1945729865            18980       
394       snd_data        238         9               15        46720       1945683145        1945703585        1945705045        1945729865            20440       
395       snd_data        239         9               15        46720       1945683145        1945705045        1945705045        1945729865            21900       
396       rcv_ack         157         9               15        46720       1945686065        1945705045        1945707965        1945732785            18980       
397       snd_data        240         9               15        46720       1945686065        1945706505        1945707965        1945732785            20440       
398       snd_data        241         9               15        46720       1945686065        1945707965        1945707965        1945732785            21900       
399       rcv_ack         158         9               15        46720       1945688985        1945707965        1945710885        1945735705            18980       
400       snd_data        242         9               15        46720       1945688985        1945709425        1945710885        1945735705            20440       
401       snd_data        243         9               15        46720       1945688985        1945710885        1945710885        1945735705            21900       
402       rcv_ack         159         9               15        46720       1945691905        1945710885        1945713805        1945738625            18980       
403       snd_data        244         9               15        46720       1945691905        1945712345        1945713805        1945738625            20440       
404       snd_data        245         9               15        46720       1945691905        1945713805        1945713805        1945738625            21900       
405       rcv_ack         160         9               15        46720       1945694825        1945713805        1945716725        1945741545            18980       
406       snd_data        246         9               15        46720       1945694825        1945715265        1945716725        1945741545            20440       
407       snd_data        247         9               15        46720       1945694825        1945716076        1945716725        1945741545            21251       
408       rcv_ack         161         9               15        46720       1945697745        1945716076        1945719645        1945744465            18331       
409       rcv_ack         162         9               15        46720       1945700665        1945716076        1945722565        1945747385            15411       
410       rcv_ack         163         9               15        46720       1945703585        1945716076        1945725485        1945750305            12491       
411       rcv_ack         164         9               15        46720       1945706505        1945716076        1945728405        1945753225            9571        
412       rcv_ack         165         9               15        46720       1945709425        1945716076        1945731325        1945756145            6651        
413       rcv_ack         166         9               15        46720       1945712345        1945716076        1945734245        1945759065            3731        
414       rcv_ack         167         9               15        46720       1945715265        1945716076        1945737165        1945761985            811         
415       rcv_ack         168         9               15        46720       1945716076        1945716076        1945737976        1945762796            0           
416       snd_con_ack     248         9               15        46720       1945716076        1945716076        1945737976        1945762796            0           
